-3 -3 0.00363928 0.0134673 -0.309702
-2.85 -3 0.00774025 0.0149305 -0.221476
-2.7 -3 0.00864134 0.0165487 -0.237642
-2.55 -3 0.00959258 0.0183316 -0.255784
-2.4 -3 0.0108378 0.0202872 -0.268879
-2.25 -3 0.0119108 0.0224202 -0.290234
-2.1 -3 0.0129193 0.0247312 -0.316116
-1.95 -3 0.0142544 0.0272147 -0.335695
-1.8 -3 0.015673 0.029858 -0.355257
-1.65 -3 0.0171682 0.0326393 -0.374425
-1.5 -3 0.0187243 0.0355262 -0.392905
-1.35 -3 0.0203183 0.0384746 -0.41043
-1.2 -3 0.0219162 0.0414285 -0.426833
-1.05 -3 0.023488 0.0443205 -0.441737
-0.9 -3 0.0249879 0.0470732 -0.455023
-0.75 -3 0.0263708 0.0496028 -0.466493
-0.6 -3 0.0275862 0.0518235 -0.467689
-0.45 -3 0.028582 0.0536528 -0.467278
-0.3 -3 0.0293301 0.0550178 -0.466897
-0.15 -3 0.029797 0.0558613 -0.46659
0 -3 0.0299554 0.0561467 -0.466481
0.15 -3 0.0297972 0.0558613 -0.466586
0.3 -3 0.0293318 0.0550178 -0.466868
0.45 -3 0.0285843 0.0536528 -0.467236
0.6 -3 0.0275847 0.0518235 -0.467718
0.75 -3 0.0263703 0.0496028 -0.466504
0.9 -3 0.0249916 0.0470732 -0.454948
1.05 -3 0.0234883 0.0443205 -0.441733
1.2 -3 0.0219188 0.0414285 -0.426775
1.35 -3 0.0203188 0.0384746 -0.410417
1.5 -3 0.0187257 0.0355262 -0.392874
1.65 -3 0.0171688 0.0326393 -0.374409
1.8 -3 0.0156712 0.029858 -0.3553
1.95 -3 0.0142546 0.0272147 -0.33569
2.1 -3 0.0129188 0.0247312 -0.316129
2.25 -3 0.0119135 0.0224202 -0.290159
2.4 -3 0.0108335 0.0202872 -0.269004
2.55 -3 0.00959608 0.0183316 -0.255681
2.7 -3 0.00863857 0.0165487 -0.237725
2.85 -3 0.00773723 0.0149305 -0.221569
3 -3 0.00363863 0.0134673 -0.309723
-3 -2.85 0.00773771 0.0149305 -0.221554
-2.85 -2.85 0.0166908 0.0166435 0.00141864
-2.7 -2.85 0.0185724 0.0185534 0.000554802
-2.55 -2.85 0.0211234 0.0206759 0.012663
-2.4 -2.85 0.0224823 0.0230247 -0.0148546
-2.25 -2.85 0.0253476 0.0256103 -0.006949
-2.1 -2.85 0.0284833 0.0284384 0.00114616
-1.95 -2.85 0.0315568 0.0315071 0.00121929
-1.8 -2.85 0.0348647 0.0348056 0.00139331
-1.65 -2.85 0.0383843 0.0383106 0.00166904
-1.5 -2.85 0.0420719 0.0419843 0.00190599
-1.35 -2.85 0.0458702 0.0457724 0.00204204
-1.2 -2.85 0.049709 0.0496028 0.00213176
-1.05 -2.85 0.0535033 0.0533857 0.00220133
-0.9 -2.85 0.0571543 0.0570157 0.00243074
-0.75 -2.85 0.0605306 0.060376 0.00256187
-0.6 -2.85 0.0635037 0.0633445 0.00251231
-0.45 -2.85 0.0659636 0.0658028 0.00244463
-0.3 -2.85 0.0678127 0.0676446 0.00248604
-0.15 -2.85 0.0689678 0.0687858 0.00264553
0 -2.85 0.0693606 0.0691725 0.00271942
0.15 -2.85 0.0689669 0.0687858 0.002633
0.3 -2.85 0.067813 0.0676446 0.00248999
0.45 -2.85 0.065967 0.0658028 0.00249653
0.6 -2.85 0.0635067 0.0633445 0.00256051
0.75 -2.85 0.0605287 0.060376 0.00252929
0.9 -2.85 0.0571505 0.0570157 0.00236309
1.05 -2.85 0.0535047 0.0533857 0.00222876
1.2 -2.85 0.0497132 0.0496028 0.00221662
1.35 -2.85 0.0458688 0.0457724 0.00201259
1.5 -2.85 0.0420696 0.0419843 0.00185468
1.65 -2.85 0.0383853 0.0383106 0.00169168
1.8 -2.85 0.0348663 0.0348056 0.00143101
1.95 -2.85 0.031557 0.0315071 0.00122247
2.1 -2.85 0.0284834 0.0284384 0.00114939
2.25 -2.85 0.0253482 0.0256103 -0.00693444
2.4 -2.85 0.0224798 0.0230247 -0.0149239
2.55 -2.85 0.0211247 0.0206759 0.012702
2.7 -2.85 0.0185725 0.0185534 0.000558476
2.85 -2.85 0.0166922 0.0166435 0.0014614
3 -2.85 0.00773868 0.0149305 -0.221525
-3 -2.7 0.00863933 0.0165487 -0.237702
-2.85 -2.7 0.0185675 0.0185534 0.000410174
-2.7 -2.7 0.021321 0.0208079 0.0144947
-2.55 -2.7 0.0230293 0.023336 -0.00836346
-2.4 -2.7 0.0261097 0.0261602 -0.00132574
-2.25 -2.7 0.029367 0.0292999 0.00169335
-2.1 -2.7 0.0328463 0.0327688 0.00187425
-1.95 -2.7 0.0366607 0.0365724 0.00203969
-1.8 -2.7 0.0408058 0.0407042 0.00224013
-1.65 -2.7 0.0452645 0.0451417 0.00258058
-1.5 -2.7 0.049985 0.0498426 0.00285156
-1.35 -2.7 0.054899 0.0547408 0.00289036
-1.2 -2.7 0.0599171 0.0597439 0.00289958
-1.05 -2.7 0.0649278 0.0647325 0.00301607
-0.9 -2.7 0.0697914 0.0695623 0.00329285
-0.75 -2.7 0.0744094 0.0740692 0.00459341
-0.6 -2.7 0.0786136 0.0780787 0.00684987
-0.45 -2.7 0.082083 0.0814183 0.00816374
-0.3 -2.7 0.0846189 0.0839316 0.00818873
-0.15 -2.7 0.0860099 0.0854938 0.00603683
0 -2.7 0.0865789 0.0860238 0.00645327
0.15 -2.7 0.0860023 0.0854938 0.00594831
0.3 -2.7 0.0846232 0.0839316 0.00823988
0.45 -2.7 0.0820861 0.0814183 0.00820285
0.6 -2.7 0.0786109 0.0780787 0.00681517
0.75 -2.7 0.0744107 0.0740692 0.00461088
0.9 -2.7 0.0697905 0.0695623 0.00328072
1.05 -2.7 0.0649283 0.0647325 0.00302498
1.2 -2.7 0.0599196 0.0597439 0.00294114
1.35 -2.7 0.0549056 0.0547408 0.00301019
1.5 -2.7 0.0499871 0.0498426 0.00289352
1.65 -2.7 0.0452657 0.0451417 0.00260525
1.8 -2.7 0.0408037 0.0407042 0.00219388
1.95 -2.7 0.036659 0.0365724 0.0019995
2.1 -2.7 0.0328468 0.0327688 0.001886
2.25 -2.7 0.0293685 0.0292999 0.00173168
2.4 -2.7 0.0261103 0.0261602 -0.00130956
2.55 -2.7 0.0230294 0.023336 -0.00836076
2.7 -2.7 0.0213242 0.0208079 0.0145842
2.85 -2.7 0.0185721 0.0185534 0.000545784
3 -2.7 0.00864006 0.0165487 -0.23768
-3 -2.55 0.00959539 0.0183316 -0.255702
-2.85 -2.55 0.0211234 0.0206759 0.0126636
-2.7 -2.55 0.023028 0.023336 -0.00839815
-2.55 -2.55 0.0263027 0.0263474 -0.00117062
-2.4 -2.55 0.0298122 0.0297451 0.00168131
-2.25 -2.55 0.0336455 0.0335619 0.00200115
-2.1 -2.55 0.037921 0.0378247 0.00219357
-1.95 -2.55 0.0426599 0.0425511 0.00235156
-1.8 -2.55 0.0478723 0.047744 0.00262489
-1.65 -2.55 0.0535416 0.0533857 0.00291924
-1.5 -2.55 0.0596127 0.0594314 0.00304942
-1.35 -2.55 0.0660111 0.0658028 0.0031661
-1.2 -2.55 0.0726616 0.0723826 0.00385456
-1.05 -2.55 0.079579 0.0790124 0.00717162
-0.9 -2.55 0.0861298 0.0854938 0.00743919
-0.75 -2.55 0.0917807 0.0915952 0.00202566
-0.6 -2.55 0.0970554 0.097065 -9.90321e-05
-0.45 -2.55 0.101478 0.10165 -0.00169402
-0.3 -2.55 0.105137 0.105117 0.000191545
-0.15 -2.55 0.107466 0.107279 0.00173939
0 -2.55 0.108219 0.108014 0.00189649
0.15 -2.55 0.107466 0.107279 0.0017406
0.3 -2.55 0.105135 0.105117 0.000170944
0.45 -2.55 0.101476 0.10165 -0.00170851
0.6 -2.55 0.0970567 0.097065 -8.50584e-05
0.75 -2.55 0.0917839 0.0915952 0.00206061
0.9 -2.55 0.0861269 0.0854938 0.00740632
1.05 -2.55 0.0795771 0.0790124 0.00714768
1.2 -2.55 0.0726605 0.0723826 0.0038396
1.35 -2.55 0.0660085 0.0658028 0.0031269
1.5 -2.55 0.059618 0.0594314 0.00313845
1.65 -2.55 0.0535421 0.0533857 0.00292849
1.8 -2.55 0.0478696 0.047744 0.00257
1.95 -2.55 0.0426571 0.0425511 0.00229241
2.1 -2.55 0.0379196 0.0378247 0.00216137
2.25 -2.55 0.0336428 0.0335619 0.00193735
2.4 -2.55 0.0298131 0.0297451 0.00170447
2.55 -2.55 0.0263033 0.0263474 -0.00115527
2.7 -2.55 0.0230311 0.023336 -0.00831413
2.85 -2.55 0.0211255 0.0206759 0.0127241
3 -2.55 0.00959439 0.0183316 -0.255731
-3 -2.4 0.0108382 0.0202872 -0.268868
-2.85 -2.4 0.022482 0.0230247 -0.0148619
-2.7 -2.4 0.0261117 0.0261602 -0.0012733
-2.55 -2.4 0.0298117 0.0297451 0.00166849
-2.4 -2.4 0.0339171 0.0338325 0.00201708
-2.25 -2.4 0.0385809 0.0384746 0.00240392
-2.1 -2.4 0.0438393 0.0437189 0.00257036
-1.95 -2.4 0.0497428 0.0496028 0.00281087
-1.8 -2.4 0.0563131 0.0561467 0.00296322
-1.65 -2.4 0.0635466 0.0633445 0.00318922
-1.5 -2.4 0.0714353 0.0711539 0.00395534
-1.35 -2.4 0.0801157 0.0794852 0.00793247
-1.2 -2.4 0.0886727 0.0881921 0.00544919
-1.05 -2.4 0.0969318 0.097065 -0.00137205
-0.9 -2.4 0.105883 0.105831 0.000490417
-0.75 -2.4 0.114498 0.114162 0.00294795
-0.6 -2.4 0.122135 0.121691 0.00364418
-0.45 -2.4 0.12852 0.128046 0.00370104
-0.3 -2.4 0.133374 0.132877 0.00373704
-0.15 -2.4 0.136408 0.135901 0.0037321
0 -2.4 0.137448 0.13693 0.00378122
0.15 -2.4 0.136407 0.135901 0.00372707
0.3 -2.4 0.133372 0.132877 0.00372586
0.45 -2.4 0.12852 0.128046 0.00369767
0.6 -2.4 0.122135 0.121691 0.00364549
0.75 -2.4 0.114501 0.114162 0.00297404
0.9 -2.4 0.105882 0.105831 0.000480076
1.05 -2.4 0.09693 0.097065 -0.00139059
1.2 -2.4 0.0886724 0.0881921 0.00544588
1.35 -2.4 0.080117 0.0794852 0.00794833
1.5 -2.4 0.0714286 0.0711539 0.00386043
1.65 -2.4 0.0635435 0.0633445 0.00314055
1.8 -2.4 0.0563103 0.0561467 0.00291319
1.95 -2.4 0.049741 0.0496028 0.00277358
2.1 -2.4 0.0438404 0.0437189 0.00259341
2.25 -2.4 0.0385778 0.0384746 0.00233217
2.4 -2.4 0.0339165 0.0338325 0.00200332
2.55 -2.4 0.0298122 0.0297451 0.00168196
2.7 -2.4 0.0261102 0.0261602 -0.00131378
2.85 -2.4 0.0224819 0.0230247 -0.0148645
3 -2.4 0.0108365 0.0202872 -0.268916
-3 -2.25 0.0119146 0.0224202 -0.29013
-2.85 -2.25 0.0253493 0.0256103 -0.00690498
-2.7 -2.25 0.0293675 0.0292999 0.00170679
-2.55 -2.25 0.033643 0.0335619 0.00194234
-2.4 -2.25 0.0385781 0.0384746 0.00234041
-2.25 -2.25 0.0442435 0.0441186 0.00265346
-2.1 -2.25 0.0507211 0.0505722 0.00294435
-1.95 -2.25 0.058089 0.0579045 0.00318519
-1.8 -2.25 0.0663807 0.0661652 0.00325714
-1.65 -2.25 0.0757924 0.0753719 0.00558006
-1.5 -2.25 0.0861394 0.0854938 0.00755204
-1.35 -2.25 0.0962879 0.0964344 -0.00151899
-1.2 -2.25 0.108153 0.108014 0.00128356
-1.05 -2.25 0.120389 0.119958 0.00359478
-0.9 -2.25 0.13238 0.131891 0.00370756
-0.75 -2.25 0.143884 0.143345 0.00376508
-0.6 -2.25 0.154375 0.153788 0.00381898
-0.45 -2.25 0.163292 0.162664 0.00386125
-0.3 -2.25 0.170102 0.169449 0.00385492
-0.15 -2.25 0.174376 0.17371 0.00383307
0 -2.25 0.17584 0.175164 0.00385963
0.15 -2.25 0.174378 0.17371 0.00384529
0.3 -2.25 0.170101 0.169449 0.00385126
0.45 -2.25 0.163289 0.162664 0.00384428
0.6 -2.25 0.154373 0.153788 0.0038021
0.75 -2.25 0.143888 0.143345 0.00378946
0.9 -2.25 0.132383 0.131891 0.00373087
1.05 -2.25 0.12039 0.119958 0.0035991
1.2 -2.25 0.108153 0.108014 0.00128453
1.35 -2.25 0.096288 0.0964344 -0.00151834
1.5 -2.25 0.0861413 0.0854938 0.00757457
1.65 -2.25 0.0757851 0.0753719 0.005483
1.8 -2.25 0.066376 0.0661652 0.00318517
1.95 -2.25 0.0580852 0.0579045 0.00312001
2.1 -2.25 0.0507232 0.0505722 0.00298422
2.25 -2.25 0.0442486 0.0441186 0.00276272
2.4 -2.25 0.0385788 0.0384746 0.00235595
2.55 -2.25 0.0336446 0.0335619 0.00197924
2.7 -2.25 0.0293663 0.0292999 0.00167559
2.85 -2.25 0.0253496 0.0256103 -0.00689775
3 -2.25 0.0119146 0.0224202 -0.29013
-3 -2.1 0.0129189 0.0247312 -0.316128
-2.85 -2.1 0.028484 0.0284384 0.0011647
-2.7 -2.1 0.0328469 0.0327688 0.00188783
-2.55 -2.1 0.0379198 0.0378247 0.0021672
-2.4 -2.1 0.0438412 0.0437189 0.00261167
-2.25 -2.1 0.0507261 0.0505722 0.00304297
-2.1 -2.1 0.0586897 0.0585083 0.00310045
-1.95 -2.1 0.0678597 0.0676446 0.0031808
-1.8 -2.1 0.0786324 0.0780787 0.00709069
-1.65 -2.1 0.0903339 0.0898704 0.00515738
-1.5 -2.1 0.102926 0.103017 -0.000883735
-1.35 -2.1 0.117824 0.117424 0.00340827
-1.2 -2.1 0.133374 0.132877 0.00373638
-1.05 -2.1 0.149584 0.149019 0.00379414
-0.9 -2.1 0.16596 0.165331 0.00380011
-0.75 -2.1 0.181846 0.181151 0.00383326
-0.6 -2.1 0.196452 0.195701 0.0038373
-0.45 -2.1 0.208946 0.208154 0.00380641
-0.3 -2.1 0.218549 0.217724 0.00379097
-0.15 -2.1 0.224601 0.223756 0.0037776
0 -2.1 0.226673 0.225817 0.00378957
0.15 -2.1 0.224601 0.223756 0.00377555
0.3 -2.1 0.218554 0.217724 0.00381528
0.45 -2.1 0.208947 0.208154 0.00380704
0.6 -2.1 0.196454 0.195701 0.00384908
0.75 -2.1 0.181848 0.181151 0.0038474
0.9 -2.1 0.165963 0.165331 0.00381849
1.05 -2.1 0.149583 0.149019 0.0037897
1.2 -2.1 0.133371 0.132877 0.00371661
1.35 -2.1 0.11782 0.117424 0.00337402
1.5 -2.1 0.102923 0.103017 -0.000914541
1.65 -2.1 0.0903346 0.0898704 0.00516501
1.8 -2.1 0.0786326 0.0780787 0.00709315
1.95 -2.1 0.067865 0.0676446 0.00325851
2.1 -2.1 0.0586968 0.0585083 0.00322103
2.25 -2.1 0.0507273 0.0505722 0.00306604
2.4 -2.1 0.0438383 0.0437189 0.00254908
2.55 -2.1 0.0379195 0.0378247 0.00215918
2.7 -2.1 0.0328454 0.0327688 0.00185053
2.85 -2.1 0.0284827 0.0284384 0.00112972
3 -2.1 0.0129194 0.0247312 -0.316113
-3 -1.95 0.0142552 0.0272147 -0.335675
-2.85 -1.95 0.0315567 0.0315071 0.00121664
-2.7 -1.95 0.0366569 0.0365724 0.00195254
-2.55 -1.95 0.0426579 0.0425511 0.00230848
-2.4 -1.95 0.0497431 0.0496028 0.00281661
-2.25 -1.95 0.0580845 0.0579045 0.00310742
-2.1 -1.95 0.0678586 0.0676446 0.00316369
-1.95 -1.95 0.0796074 0.0790124 0.00753106
-1.8 -1.95 0.0922153 0.0921807 0.000375051
-1.65 -1.95 0.107417 0.107279 0.00127946
-1.5 -1.95 0.124817 0.124359 0.00368669
-1.35 -1.95 0.143885 0.143345 0.00377027
-1.2 -1.95 0.164621 0.16399 0.00384421
-1.05 -1.95 0.186548 0.18583 0.00386671
-0.9 -1.95 0.20895 0.208154 0.00382424
-0.75 -1.95 0.230889 0.230017 0.00378871
-0.6 -1.95 0.251214 0.250288 0.00369946
-0.45 -1.95 0.268727 0.267748 0.00365665
-0.3 -1.95 0.282293 0.281225 0.00380007
-0.15 -1.95 0.2909 0.289744 0.00398967
0 -1.95 0.293861 0.29266 0.00410369
0.15 -1.95 0.290897 0.289744 0.00397765
0.3 -1.95 0.282291 0.281225 0.00379218
0.45 -1.95 0.268726 0.267748 0.00365379
0.6 -1.95 0.251211 0.250288 0.00368682
0.75 -1.95 0.23089 0.230017 0.00379202
0.9 -1.95 0.208952 0.208154 0.00383512
1.05 -1.95 0.186546 0.18583 0.00385331
1.2 -1.95 0.16462 0.16399 0.00383891
1.35 -1.95 0.143884 0.143345 0.00376048
1.5 -1.95 0.124818 0.124359 0.00369088
1.65 -1.95 0.107419 0.107279 0.00130201
1.8 -1.95 0.0922177 0.0921807 0.000400982
1.95 -1.95 0.0796059 0.0790124 0.00751228
2.1 -1.95 0.0678566 0.0676446 0.00313415
2.25 -1.95 0.0580781 0.0579045 0.00299773
2.4 -1.95 0.049744 0.0496028 0.00283457
2.55 -1.95 0.0426553 0.0425511 0.00225186
2.7 -1.95 0.0366586 0.0365724 0.00199101
2.85 -1.95 0.0315557 0.0315071 0.00119233
3 -1.95 0.014255 0.0272147 -0.335679
-3 -1.8 0.0156723 0.029858 -0.355273
-2.85 -1.8 0.0348631 0.0348056 0.001356
-2.7 -1.8 0.0408061 0.0407042 0.00224753
-2.55 -1.8 0.0478719 0.047744 0.00261649
-2.4 -1.8 0.0563118 0.0561467 0.0029403
-2.25 -1.8 0.0663795 0.0661652 0.00323775
-2.1 -1.8 0.078631 0.0780787 0.00707291
-1.95 -1.8 0.0922159 0.0921807 0.000381468
-1.8 -1.8 0.108962 0.108756 0.00189024
-1.65 -1.8 0.128518 0.128046 0.0036848
-1.5 -1.8 0.150762 0.150191 0.00380322
-1.35 -1.8 0.175841 0.175164 0.00386212
-1.2 -1.8 0.203465 0.202687 0.00383486
-1.05 -1.8 0.233036 0.232158 0.00378378
-0.9 -1.8 0.263562 0.262597 0.00367532
-0.75 -1.8 0.29384 0.29266 0.00403468
-0.6 -1.8 0.322145 0.320708 0.00448227
-0.45 -1.8 0.346289 0.34497 0.00382268
-0.3 -1.8 0.364748 0.363748 0.00274987
-0.15 -1.8 0.376421 0.375636 0.00209198
0 -1.8 0.380411 0.379706 0.00185682
0.15 -1.8 0.376419 0.375636 0.0020845
0.3 -1.8 0.364748 0.363748 0.00274903
0.45 -1.8 0.346286 0.34497 0.00381486
0.6 -1.8 0.322142 0.320708 0.00447352
0.75 -1.8 0.29384 0.29266 0.00403274
0.9 -1.8 0.26356 0.262597 0.00366468
1.05 -1.8 0.233038 0.232158 0.0037924
1.2 -1.8 0.203466 0.202687 0.0038445
1.35 -1.8 0.175837 0.175164 0.00384024
1.5 -1.8 0.150763 0.150191 0.00380825
1.65 -1.8 0.128522 0.128046 0.0037175
1.8 -1.8 0.108963 0.108756 0.00189709
1.95 -1.8 0.0922186 0.0921807 0.000410451
2.1 -1.8 0.0786328 0.0780787 0.00709592
2.25 -1.8 0.0663828 0.0661652 0.00328874
2.4 -1.8 0.0563137 0.0561467 0.00297484
2.55 -1.8 0.0478663 0.047744 0.0025029
2.7 -1.8 0.0408057 0.0407042 0.00223833
2.85 -1.8 0.0348632 0.0348056 0.00135885
3 -1.8 0.0156721 0.029858 -0.355279
-3 -1.65 0.017168 0.0326393 -0.37443
-2.85 -1.65 0.0383811 0.0383106 0.00159752
-2.7 -1.65 0.0452641 0.0451417 0.00257205
-2.55 -1.65 0.0535415 0.0533857 0.00291737
-2.4 -1.65 0.0635508 0.0633445 0.00325634
-2.25 -1.65 0.0757946 0.0753719 0.00560804
-2.1 -1.65 0.0903361 0.0898704 0.00518139
-1.95 -1.65 0.107416 0.107279 0.00127249
-1.8 -1.65 0.12852 0.128046 0.00370043
-1.65 -1.65 0.153156 0.152576 0.00380263
-1.5 -1.65 0.181847 0.181151 0.0038416
-1.35 -1.65 0.214644 0.213825 0.00382938
-1.2 -1.65 0.251221 0.250288 0.00372585
-1.05 -1.65 0.2909 0.289744 0.00398928
-0.9 -1.65 0.332266 0.330828 0.00434555
-0.75 -1.65 0.372467 0.37162 0.0022811
-0.6 -1.65 0.410337 0.409779 0.00136294
-0.45 -1.65 0.443549 0.442801 0.0016899
-0.3 -1.65 0.469169 0.468333 0.00178617
-0.15 -1.65 0.485319 0.484472 0.00174914
0 -1.65 0.49084 0.489992 0.00173034
0.15 -1.65 0.485318 0.484472 0.00174634
0.3 -1.65 0.46917 0.468333 0.00178677
0.45 -1.65 0.443548 0.442801 0.0016861
0.6 -1.65 0.410336 0.409779 0.00135964
0.75 -1.65 0.372461 0.37162 0.00226358
0.9 -1.65 0.332263 0.330828 0.0043353
1.05 -1.65 0.290887 0.289744 0.00394343
1.2 -1.65 0.251214 0.250288 0.00369946
1.35 -1.65 0.214643 0.213825 0.00382403
1.5 -1.65 0.181848 0.181151 0.00384617
1.65 -1.65 0.153155 0.152576 0.00379851
1.8 -1.65 0.12852 0.128046 0.00370364
1.95 -1.65 0.107417 0.107279 0.00127919
2.1 -1.65 0.0903369 0.0898704 0.00518993
2.25 -1.65 0.0757936 0.0753719 0.00559577
2.4 -1.65 0.0635488 0.0633445 0.00322457
2.55 -1.65 0.0535412 0.0533857 0.00291264
2.7 -1.65 0.0452628 0.0451417 0.00254576
2.85 -1.65 0.0383856 0.0383106 0.0016985
3 -1.65 0.0171687 0.0326393 -0.374413
-3 -1.5 0.0187255 0.0355262 -0.392878
-2.85 -1.5 0.0420718 0.0419843 0.00190325
-2.7 -1.5 0.049986 0.0498426 0.00287232
-2.55 -1.5 0.0596103 0.0594314 0.00300984
-2.4 -1.5 0.0714358 0.0711539 0.00396163
-2.25 -1.5 0.0861406 0.0854938 0.00756569
-2.1 -1.5 0.102923 0.103017 -0.000911989
-1.95 -1.5 0.124817 0.124359 0.0036845
-1.8 -1.5 0.150763 0.150191 0.00380559
-1.65 -1.5 0.181851 0.181151 0.00386021
-1.5 -1.5 0.218559 0.217724 0.00383524
-1.35 -1.5 0.261028 0.260072 0.0036767
-1.2 -1.5 0.309171 0.307828 0.00436346
-1.05 -1.5 0.360951 0.359891 0.00294492
-0.9 -1.5 0.414885 0.41431 0.00138729
-0.75 -1.5 0.469179 0.468333 0.0018069
-0.6 -1.5 0.519417 0.518676 0.00142936
-0.45 -1.5 0.562485 0.561957 0.000938169
-0.3 -1.5 0.595488 0.595168 0.000537856
-0.15 -1.5 0.616202 0.616022 0.000292936
0 -1.5 0.623255 0.623127 0.000204785
0.15 -1.5 0.6162 0.616022 0.000289479
0.3 -1.5 0.59549 0.595168 0.000541249
0.45 -1.5 0.56248 0.561957 0.000930924
0.6 -1.5 0.519417 0.518676 0.00142893
0.75 -1.5 0.469173 0.468333 0.00179443
0.9 -1.5 0.414883 0.41431 0.001383
1.05 -1.5 0.360957 0.359891 0.00296125
1.2 -1.5 0.309172 0.307828 0.00436629
1.35 -1.5 0.26103 0.260072 0.00368299
1.5 -1.5 0.218553 0.217724 0.00380974
1.65 -1.5 0.181845 0.181151 0.003831
1.8 -1.5 0.150762 0.150191 0.0037992
1.95 -1.5 0.124819 0.124359 0.00369721
2.1 -1.5 0.102925 0.103017 -0.000890595
2.25 -1.5 0.0861373 0.0854938 0.00752751
2.4 -1.5 0.0714296 0.0711539 0.00387515
2.55 -1.5 0.0596148 0.0594314 0.00308581
2.7 -1.5 0.0499912 0.0498426 0.00297723
2.85 -1.5 0.0420723 0.0419843 0.00191371
3 -1.5 0.0187252 0.0355262 -0.392884
-3 -1.35 0.0203192 0.0384746 -0.41041
-2.85 -1.35 0.045872 0.0457724 0.00207938
-2.7 -1.35 0.054904 0.0547408 0.0029813
-2.55 -1.35 0.0660044 0.0658028 0.00306432
-2.4 -1.35 0.0801149 0.0794852 0.00792163
-2.25 -1.35 0.0962887 0.0964344 -0.00151026
-2.1 -1.35 0.117821 0.117424 0.00338077
-1.95 -1.35 0.143885 0.143345 0.00376576
-1.8 -1.35 0.175838 0.175164 0.00384828
-1.65 -1.35 0.214642 0.213825 0.00382249
-1.5 -1.35 0.261025 0.260072 0.00366488
-1.35 -1.35 0.315568 0.314182 0.00441023
-1.2 -1.35 0.376494 0.375636 0.00228499
-1.05 -1.35 0.443532 0.442801 0.00165134
-0.9 -1.35 0.513557 0.512793 0.00149007
-0.75 -1.35 0.58206 0.581652 0.000700861
-0.6 -1.35 0.644867 0.644902 -5.45317e-05
-0.45 -1.35 0.69782 0.69831 -0.000701988
-0.3 -1.35 0.737649 0.738534 -0.00119829
-0.15 -1.35 0.762257 0.763404 -0.00150209
0 -1.35 0.770571 0.771804 -0.00159725
0.15 -1.35 0.76226 0.763404 -0.0014989
0.3 -1.35 0.737649 0.738534 -0.00119817
0.45 -1.35 0.697817 0.69831 -0.000705231
0.6 -1.35 0.644867 0.644902 -5.44389e-05
0.75 -1.35 0.582061 0.581652 0.000703513
0.9 -1.35 0.513556 0.512793 0.00148868
1.05 -1.35 0.443533 0.442801 0.0016525
1.2 -1.35 0.376494 0.375636 0.00228518
1.35 -1.35 0.315572 0.314182 0.00442304
1.5 -1.35 0.261024 0.260072 0.0036619
1.65 -1.35 0.214641 0.213825 0.0038181
1.8 -1.35 0.175835 0.175164 0.00383215
1.95 -1.35 0.143886 0.143345 0.00377498
2.1 -1.35 0.117821 0.117424 0.00338058
2.25 -1.35 0.0962886 0.0964344 -0.00151155
2.4 -1.35 0.0801107 0.0794852 0.00786893
2.55 -1.35 0.0660076 0.0658028 0.00311293
2.7 -1.35 0.0549051 0.0547408 0.00300129
2.85 -1.35 0.0458725 0.0457724 0.00209059
3 -1.35 0.0203167 0.0384746 -0.410466
-3 -1.2 0.021916 0.0414285 -0.426837
-2.85 -1.2 0.0497058 0.0496028 0.00206704
-2.7 -1.2 0.0599179 0.0597439 0.00291241
-2.55 -1.2 0.0726612 0.0723826 0.00384989
-2.4 -1.2 0.0886736 0.0881921 0.00545913
-2.25 -1.2 0.108153 0.108014 0.00128756
-2.1 -1.2 0.133372 0.132877 0.00371914
-1.95 -1.2 0.164622 0.16399 0.00385599
-1.8 -1.2 0.203469 0.202687 0.00385589
-1.65 -1.2 0.251213 0.250288 0.00369421
-1.5 -1.2 0.309174 0.307828 0.00437342
-1.35 -1.2 0.376499 0.375636 0.00229744
-1.2 -1.2 0.453613 0.452813 0.00176718
-1.05 -1.2 0.537428 0.536771 0.0012238
-0.9 -1.2 0.62326 0.623127 0.000212474
-0.75 -1.2 0.705657 0.706223 -0.000801295
-0.6 -1.2 0.778927 0.780254 -0.00170012
-0.45 -1.2 0.838528 0.840544 -0.00239887
-0.3 -1.2 0.881767 0.884318 -0.0028841
-0.15 -1.2 0.907696 0.91057 -0.00315595
0 -1.2 0.916308 0.919283 -0.00323635
0.15 -1.2 0.907699 0.91057 -0.00315246
0.3 -1.2 0.881773 0.884318 -0.00287752
0.45 -1.2 0.83853 0.840544 -0.00239649
0.6 -1.2 0.77893 0.780254 -0.00169576
0.75 -1.2 0.705659 0.706223 -0.000799297
0.9 -1.2 0.623259 0.623127 0.000211556
1.05 -1.2 0.537429 0.536771 0.00122517
1.2 -1.2 0.453615 0.452813 0.00177044
1.35 -1.2 0.376491 0.375636 0.00227634
1.5 -1.2 0.309171 0.307828 0.00436265
1.65 -1.2 0.251218 0.250288 0.0037143
1.8 -1.2 0.203465 0.202687 0.00383872
1.95 -1.2 0.164622 0.16399 0.0038521
2.1 -1.2 0.133373 0.132877 0.00373191
2.25 -1.2 0.108153 0.108014 0.00128177
2.4 -1.2 0.0886681 0.0881921 0.00539777
2.55 -1.2 0.0726588 0.0723826 0.0038168
2.7 -1.2 0.0599185 0.0597439 0.00292257
2.85 -1.2 0.0497098 0.0496028 0.00214819
3 -1.2 0.0219171 0.0414285 -0.426814
-3 -1.05 0.0234876 0.0443205 -0.441747
-2.85 -1.05 0.053502 0.0533857 0.00217823
-2.7 -1.05 0.0649267 0.0647325 0.00299922
-2.55 -1.05 0.0795749 0.0790124 0.00711942
-2.4 -1.05 0.0969296 0.097065 -0.00139443
-2.25 -1.05 0.12039 0.119958 0.00359759
-2.1 -1.05 0.149584 0.149019 0.00379305
-1.95 -1.05 0.186543 0.18583 0.00384087
-1.8 -1.05 0.233033 0.232158 0.00377181
-1.65 -1.05 0.290892 0.289744 0.00396168
-1.5 -1.05 0.360954 0.359891 0.00295224
-1.35 -1.05 0.443536 0.442801 0.00165966
-1.2 -1.05 0.537428 0.536771 0.00122324
-1.05 -1.05 0.637589 0.637568 3.26438e-05
-0.9 -1.05 0.737649 0.738534 -0.00119817
-0.75 -1.05 0.829916 0.831834 -0.00230652
-0.6 -1.05 0.907696 0.91057 -0.0031561
-0.45 -1.05 0.967083 0.970674 -0.00369936
-0.3 -1.05 1.00742 1.01145 -0.00398735
-0.15 -1.05 1.03026 1.03451 -0.00410717
0 -1.05 1.0376 1.0419 -0.00413411
0.15 -1.05 1.03026 1.03451 -0.0041071
0.3 -1.05 1.00742 1.01145 -0.00398748
0.45 -1.05 0.967081 0.970674 -0.00370197
0.6 -1.05 0.907701 0.91057 -0.00315116
0.75 -1.05 0.829919 0.831834 -0.00230238
0.9 -1.05 0.737649 0.738534 -0.00119901
1.05 -1.05 0.637585 0.637568 2.60182e-05
1.2 -1.05 0.537429 0.536771 0.00122559
1.35 -1.05 0.443532 0.442801 0.00164959
1.5 -1.05 0.360958 0.359891 0.00296474
1.65 -1.05 0.290893 0.289744 0.00396316
1.8 -1.05 0.233035 0.232158 0.00377919
1.95 -1.05 0.18655 0.18583 0.00387902
2.1 -1.05 0.149583 0.149019 0.00378651
2.25 -1.05 0.120392 0.119958 0.00361763
2.4 -1.05 0.0969325 0.097065 -0.00136495
2.55 -1.05 0.0795713 0.0790124 0.00707422
2.7 -1.05 0.0649304 0.0647325 0.00305617
2.85 -1.05 0.0535052 0.0533857 0.00223768
3 -1.05 0.0234885 0.0443205 -0.441728
-3 -0.9 0.0249883 0.0470732 -0.455015
-2.85 -0.9 0.057152 0.0570157 0.00239002
-2.7 -0.9 0.0697958 0.0695623 0.00335627
-2.55 -0.9 0.0861324 0.0854938 0.0074698
-2.4 -0.9 0.105882 0.105831 0.000481903
-2.25 -0.9 0.132384 0.131891 0.0037397
-2.1 -0.9 0.165968 0.165331 0.00384977
-1.95 -0.9 0.20895 0.208154 0.00382518
-1.8 -0.9 0.263557 0.262597 0.00365405
-1.65 -0.9 0.332264 0.330828 0.00433918
-1.5 -0.9 0.414883 0.41431 0.0013844
-1.35 -0.9 0.51356 0.512793 0.00149626
-1.2 -0.9 0.623257 0.623127 0.000207405
-1.05 -0.9 0.73765 0.738534 -0.00119768
-0.9 -0.9 0.847156 0.849276 -0.00249637
-0.75 -0.9 0.941921 0.945214 -0.0034831
-0.6 -0.9 1.01517 1.01927 -0.00402896
-0.45 -0.9 1.06522 1.0697 -0.00418547
-0.3 -0.9 1.0951 1.09961 -0.00410308
-0.15 -0.9 1.10999 1.11441 -0.00396543
0 -0.9 1.11438 1.11875 -0.0039036
0.15 -0.9 1.11 1.11441 -0.00396448
0.3 -0.9 1.0951 1.09961 -0.0041038
0.45 -0.9 1.06522 1.0697 -0.00418513
0.6 -0.9 1.01517 1.01927 -0.00402934
0.75 -0.9 0.941926 0.945214 -0.00347783
0.9 -0.9 0.847156 0.849276 -0.00249546
1.05 -0.9 0.73765 0.738534 -0.00119757
1.2 -0.9 0.623258 0.623127 0.000209488
1.35 -0.9 0.513557 0.512793 0.00149121
1.5 -0.9 0.414883 0.41431 0.0013844
1.65 -0.9 0.332263 0.330828 0.00433515
1.8 -0.9 0.26356 0.262597 0.00366506
1.95 -0.9 0.208951 0.208154 0.00382707
2.1 -0.9 0.165963 0.165331 0.00381831
2.25 -0.9 0.132382 0.131891 0.00372286
2.4 -0.9 0.105883 0.105831 0.000491746
2.55 -0.9 0.0861281 0.0854938 0.00741992
2.7 -0.9 0.069796 0.0695623 0.00335936
2.85 -0.9 0.057152 0.0570157 0.00238986
3 -0.9 0.0249902 0.0470732 -0.454976
-3 -0.75 0.0263707 0.0496028 -0.466496
-2.85 -0.75 0.0605295 0.060376 0.00254362
-2.7 -0.75 0.0744138 0.0740692 0.00465191
-2.55 -0.75 0.0917818 0.0915952 0.00203692
-2.4 -0.75 0.114499 0.114162 0.00295823
-2.25 -0.75 0.143887 0.143345 0.0037807
-2.1 -0.75 0.18185 0.181151 0.00385775
-1.95 -0.75 0.230893 0.230017 0.00380417
-1.8 -0.75 0.293846 0.29266 0.00405533
-1.65 -0.75 0.372469 0.37162 0.00228435
-1.5 -0.75 0.469174 0.468333 0.00179628
-1.35 -0.75 0.582062 0.581652 0.000704813
-1.2 -0.75 0.705657 0.706223 -0.000801531
-1.05 -0.75 0.829918 0.831834 -0.00230408
-0.9 -0.75 0.941925 0.945214 -0.00347888
-0.75 -0.75 1.03026 1.03451 -0.00410534
-0.6 -0.75 1.0896 1.09412 -0.00413838
-0.45 -0.75 1.12223 1.12646 -0.00375512
-0.3 -0.75 1.13587 1.13955 -0.00323135
-0.15 -0.75 1.13954 1.14275 -0.00281432
0 -0.75 1.13995 1.14298 -0.00265894
0.15 -0.75 1.13954 1.14275 -0.00281453
0.3 -0.75 1.13587 1.13955 -0.00323241
0.45 -0.75 1.12223 1.12646 -0.00375561
0.6 -0.75 1.0896 1.09412 -0.00413738
0.75 -0.75 1.03027 1.03451 -0.00410435
0.9 -0.75 0.941923 0.945214 -0.00348103
1.05 -0.75 0.829916 0.831834 -0.0023065
1.2 -0.75 0.705654 0.706223 -0.000805663
1.35 -0.75 0.582062 0.581652 0.000704855
1.5 -0.75 0.469173 0.468333 0.00179444
1.65 -0.75 0.372464 0.37162 0.00227236
1.8 -0.75 0.293843 0.29266 0.00404347
1.95 -0.75 0.230891 0.230017 0.00379643
2.1 -0.75 0.181851 0.181151 0.00386458
2.25 -0.75 0.143888 0.143345 0.00378939
2.4 -0.75 0.114499 0.114162 0.00295232
2.55 -0.75 0.0917785 0.0915952 0.00200113
2.7 -0.75 0.0744076 0.0740692 0.00456891
2.85 -0.75 0.0605242 0.060376 0.0024549
3 -0.75 0.0263712 0.0496028 -0.466485
-3 -0.6 0.0275857 0.0518235 -0.467699
-2.85 -0.6 0.0635058 0.0633445 0.00254578
-2.7 -0.6 0.078616 0.0780787 0.00688124
-2.55 -0.6 0.0970567 0.097065 -8.53727e-05
-2.4 -0.6 0.122133 0.121691 0.003627
-2.25 -0.6 0.154376 0.153788 0.00382146
-2.1 -0.6 0.196453 0.195701 0.00384296
-1.95 -0.6 0.251221 0.250288 0.00372523
-1.8 -0.6 0.322145 0.320708 0.00448102
-1.65 -0.6 0.410337 0.409779 0.00136129
-1.5 -0.6 0.519413 0.518676 0.00142119
-1.35 -0.6 0.644866 0.644902 -5.65612e-05
-1.2 -0.6 0.778931 0.780254 -0.00169443
-1.05 -0.6 0.907702 0.91057 -0.00314958
-0.9 -0.6 1.01517 1.01927 -0.00402298
-0.75 -0.6 1.0896 1.09412 -0.00413662
-0.6 -0.6 1.12875 1.1328 -0.00357299
-0.45 -0.6 1.13995 1.14298 -0.00265703
-0.3 -0.6 1.13554 1.13753 -0.00175299
-0.15 -0.6 1.12749 1.12876 -0.00112067
0 -0.6 1.12388 1.12489 -0.000898098
0.15 -0.6 1.12749 1.12876 -0.00112114
0.3 -0.6 1.13554 1.13753 -0.00175286
0.45 -0.6 1.13995 1.14298 -0.00265734
0.6 -0.6 1.12875 1.1328 -0.00357194
0.75 -0.6 1.0896 1.09412 -0.00413877
0.9 -0.6 1.01517 1.01927 -0.00402784
1.05 -0.6 0.907701 0.91057 -0.00315111
1.2 -0.6 0.778927 0.780254 -0.00170075
1.35 -0.6 0.644866 0.644902 -5.61359e-05
1.5 -0.6 0.519415 0.518676 0.00142485
1.65 -0.6 0.410336 0.409779 0.00135859
1.8 -0.6 0.322142 0.320708 0.00447239
1.95 -0.6 0.251219 0.250288 0.003719
2.1 -0.6 0.196451 0.195701 0.00383441
2.25 -0.6 0.154369 0.153788 0.00378175
2.4 -0.6 0.122134 0.121691 0.00363259
2.55 -0.6 0.0970555 0.097065 -9.73362e-05
2.7 -0.6 0.0786111 0.0780787 0.00681847
2.85 -0.6 0.0635021 0.0633445 0.00248751
3 -0.6 0.0275845 0.0518235 -0.467722
-3 -0.45 0.0285862 0.0536528 -0.4672
-2.85 -0.45 0.0659634 0.0658028 0.00244096
-2.7 -0.45 0.0820835 0.0814183 0.00817094
-2.55 -0.45 0.101477 0.10165 -0.00169979
-2.4 -0.45 0.12852 0.128046 0.00369805
-2.25 -0.45 0.163291 0.162664 0.0038552
-2.1 -0.45 0.208953 0.208154 0.00383721
-1.95 -0.45 0.268738 0.267748 0.00369742
-1.8 -0.45 0.346282 0.34497 0.00380318
-1.65 -0.45 0.443548 0.442801 0.00168606
-1.5 -0.45 0.562482 0.561957 0.000932964
-1.35 -0.45 0.697816 0.69831 -0.000706983
-1.2 -0.45 0.838529 0.840544 -0.00239778
-1.05 -0.45 0.967083 0.970674 -0.00370003
-0.9 -0.45 1.06523 1.0697 -0.00418337
-0.75 -0.45 1.12223 1.12646 -0.00375479
-0.6 -0.45 1.13995 1.14298 -0.00265732
-0.45 -0.45 1.13064 1.13215 -0.00133797
-0.3 -0.45 1.11022 1.11043 -0.000189559
-0.15 -0.45 1.09232 1.09171 0.0005577
0 -0.45 1.08541 1.08453 0.000812145
0.15 -0.45 1.09232 1.09171 0.000557077
0.3 -0.45 1.11022 1.11043 -0.000189625
0.45 -0.45 1.13064 1.13215 -0.00133734
0.6 -0.45 1.13995 1.14298 -0.00265695
0.75 -0.45 1.12223 1.12646 -0.00375507
0.9 -0.45 1.06523 1.0697 -0.00418241
1.05 -0.45 0.967084 0.970674 -0.00369835
1.2 -0.45 0.838529 0.840544 -0.00239799
1.35 -0.45 0.697821 0.69831 -0.000699998
1.5 -0.45 0.562483 0.561957 0.000935686
1.65 -0.45 0.443547 0.442801 0.00168553
1.8 -0.45 0.346283 0.34497 0.00380736
1.95 -0.45 0.268727 0.267748 0.00365883
2.1 -0.45 0.208951 0.208154 0.00382625
2.25 -0.45 0.163288 0.162664 0.00383659
2.4 -0.45 0.12852 0.128046 0.0036998
2.55 -0.45 0.101479 0.10165 -0.0016838
2.7 -0.45 0.0820855 0.0814183 0.00819544
2.85 -0.45 0.0659659 0.0658028 0.00247854
3 -0.45 0.0285842 0.0536528 -0.467237
-3 -0.3 0.0293306 0.0550178 -0.466889
-2.85 -0.3 0.0678125 0.0676446 0.00248272
-2.7 -0.3 0.0846256 0.0839316 0.00826865
-2.55 -0.3 0.105139 0.105117 0.000205664
-2.4 -0.3 0.133374 0.132877 0.00373559
-2.25 -0.3 0.170103 0.169449 0.0038586
-2.1 -0.3 0.218556 0.217724 0.00382335
-1.95 -0.3 0.282292 0.281225 0.00379432
-1.8 -0.3 0.364747 0.363748 0.00274716
-1.65 -0.3 0.469166 0.468333 0.00177808
-1.5 -0.3 0.59549 0.595168 0.000540176
-1.35 -0.3 0.737649 0.738534 -0.00119798
-1.2 -0.3 0.881774 0.884318 -0.0028762
-1.05 -0.3 1.00742 1.01145 -0.00398794
-0.9 -0.3 1.0951 1.09961 -0.00410355
-0.75 -0.3 1.13587 1.13955 -0.00323173
-0.6 -0.3 1.13554 1.13753 -0.00175321
-0.45 -0.3 1.11022 1.11043 -0.000190847
-0.3 -0.3 1.07804 1.07689 0.00107181
-0.15 -0.3 1.05321 1.05126 0.00185449
0 -0.3 1.04404 1.04183 0.00211497
0.15 -0.3 1.05321 1.05126 0.00185499
0.3 -0.3 1.07804 1.07689 0.00107184
0.45 -0.3 1.11022 1.11043 -0.000189501
0.6 -0.3 1.13554 1.13753 -0.00175288
0.75 -0.3 1.13587 1.13955 -0.00323164
0.9 -0.3 1.0951 1.09961 -0.0041029
1.05 -0.3 1.00742 1.01145 -0.00398621
1.2 -0.3 0.88177 0.884318 -0.00288134
1.35 -0.3 0.737648 0.738534 -0.00119991
1.5 -0.3 0.595489 0.595168 0.000538819
1.65 -0.3 0.469166 0.468333 0.00178005
1.8 -0.3 0.364753 0.363748 0.00276172
1.95 -0.3 0.282286 0.281225 0.00377511
2.1 -0.3 0.21855 0.217724 0.00379506
2.25 -0.3 0.170097 0.169449 0.00382599
2.4 -0.3 0.133374 0.132877 0.00373977
2.55 -0.3 0.105137 0.105117 0.000186627
2.7 -0.3 0.0846203 0.0839316 0.00820583
2.85 -0.3 0.0678129 0.0676446 0.00248839
3 -0.3 0.0293321 0.0550178 -0.466862
-3 -0.15 0.0297965 0.0558613 -0.4666
-2.85 -0.15 0.0689736 0.0687858 0.0027298
-2.7 -0.15 0.0860072 0.0854938 0.00600538
-2.55 -0.15 0.107465 0.107279 0.0017341
-2.4 -0.15 0.13641 0.135901 0.00374397
-2.25 -0.15 0.174378 0.17371 0.00384089
-2.1 -0.15 0.224602 0.223756 0.00378199
-1.95 -0.15 0.290896 0.289744 0.0039756
-1.8 -0.15 0.376415 0.375636 0.00207573
-1.65 -0.15 0.485316 0.484472 0.00174331
-1.5 -0.15 0.616203 0.616022 0.000294379
-1.35 -0.15 0.762262 0.763404 -0.00149672
-1.2 -0.15 0.907701 0.91057 -0.00315017
-1.05 -0.15 1.03026 1.03451 -0.00410832
-0.9 -0.15 1.10999 1.11441 -0.00396613
-0.75 -0.15 1.13954 1.14275 -0.00281487
-0.6 -0.15 1.12749 1.12876 -0.00112188
-0.45 -0.15 1.09232 1.09171 0.000556906
-0.3 -0.15 1.05321 1.05126 0.00185508
-0.15 -0.15 1.02442 1.02172 0.00263604
0 -0.15 1.01398 1.01106 0.00289245
0.15 -0.15 1.02442 1.02172 0.00263616
0.3 -0.15 1.05321 1.05126 0.00185436
0.45 -0.15 1.09232 1.09171 0.000558878
0.6 -0.15 1.12749 1.12876 -0.00112036
0.75 -0.15 1.13954 1.14275 -0.00281487
0.9 -0.15 1.10999 1.11441 -0.00396637
1.05 -0.15 1.03026 1.03451 -0.00410497
1.2 -0.15 0.907702 0.91057 -0.00314968
1.35 -0.15 0.762259 0.763404 -0.00149991
1.5 -0.15 0.616201 0.616022 0.000291308
1.65 -0.15 0.485317 0.484472 0.00174532
1.8 -0.15 0.37642 0.375636 0.00208788
1.95 -0.15 0.290902 0.289744 0.00399579
2.1 -0.15 0.224604 0.223756 0.0037913
2.25 -0.15 0.174378 0.17371 0.0038417
2.4 -0.15 0.136409 0.135901 0.00374089
2.55 -0.15 0.107465 0.107279 0.00173015
2.7 -0.15 0.0860014 0.0854938 0.00593732
2.85 -0.15 0.0689638 0.0687858 0.00258787
3 -0.15 0.0297972 0.0558613 -0.466587
-3 0 0.0299521 0.0561467 -0.466539
-2.85 0 0.06936 0.0691725 0.00271153
-2.7 0 0.0865724 0.0860238 0.00637725
-2.55 0 0.108218 0.108014 0.00188694
-2.4 0 0.137446 0.13693 0.00376339
-2.25 0 0.175839 0.175164 0.00385073
-2.1 0 0.226677 0.225817 0.00380994
-1.95 0 0.293866 0.29266 0.00412374
-1.8 0 0.380412 0.379706 0.0018591
-1.65 0 0.490841 0.489992 0.00173174
-1.5 0 0.623257 0.623127 0.000207299
-1.35 0 0.770568 0.771804 -0.0016015
-1.2 0 0.91631 0.919283 -0.00323427
-1.05 0 1.03759 1.0419 -0.0041352
-0.9 0 1.11438 1.11875 -0.00390297
-0.75 0 1.13995 1.14298 -0.00265894
-0.6 0 1.12388 1.12489 -0.000898143
-0.45 0 1.08541 1.08453 0.000813183
-0.3 0 1.04404 1.04183 0.00211626
-0.15 0 1.01398 1.01106 0.00289261
0 0 1.00315 1 0.00314575
0.15 0 1.01398 1.01106 0.00289248
0.3 0 1.04404 1.04183 0.00211586
0.45 0 1.08541 1.08453 0.000813512
0.6 0 1.12388 1.12489 -0.000897594
0.75 0 1.13995 1.14298 -0.00265906
0.9 0 1.11438 1.11875 -0.00390362
1.05 0 1.03759 1.0419 -0.0041345
1.2 0 0.916307 0.919283 -0.00323768
1.35 0 0.770567 0.771804 -0.00160167
1.5 0 0.623258 0.623127 0.00020909
1.65 0 0.490836 0.489992 0.00172294
1.8 0 0.380412 0.379706 0.00185958
1.95 0 0.293866 0.29266 0.00412331
2.1 0 0.226673 0.225817 0.00378871
2.25 0 0.17584 0.175164 0.00385738
2.4 0 0.137443 0.13693 0.00374131
2.55 0 0.108217 0.108014 0.00187361
2.7 0 0.0865781 0.0860238 0.00644335
2.85 0 0.0693626 0.0691725 0.00274899
3 0 0.0299537 0.0561467 -0.46651
-3 0.15 0.0297969 0.0558613 -0.466591
-2.85 0.15 0.0689666 0.0687858 0.00262867
-2.7 0.15 0.0860053 0.0854938 0.00598328
-2.55 0.15 0.107467 0.107279 0.00175164
-2.4 0.15 0.136408 0.135901 0.00373335
-2.25 0.15 0.174379 0.17371 0.00384808
-2.1 0.15 0.224605 0.223756 0.00379772
-1.95 0.15 0.290902 0.289744 0.00399509
-1.8 0.15 0.376423 0.375636 0.00209615
-1.65 0.15 0.485317 0.484472 0.00174553
-1.5 0.15 0.616205 0.616022 0.000297545
-1.35 0.15 0.762262 0.763404 -0.00149581
-1.2 0.15 0.907702 0.91057 -0.00314993
-1.05 0.15 1.03026 1.03451 -0.00410674
-0.9 0.15 1.10999 1.11441 -0.00396552
-0.75 0.15 1.13954 1.14275 -0.00281443
-0.6 0.15 1.12749 1.12876 -0.00112098
-0.45 0.15 1.09232 1.09171 0.000557622
-0.3 0.15 1.05321 1.05126 0.001855
-0.15 0.15 1.02442 1.02172 0.0026369
0 0.15 1.01398 1.01106 0.00289282
0.15 0.15 1.02442 1.02172 0.00263533
0.3 0.15 1.05321 1.05126 0.00185431
0.45 0.15 1.09232 1.09171 0.000556358
0.6 0.15 1.12749 1.12876 -0.00112113
0.75 0.15 1.13954 1.14275 -0.00281473
0.9 0.15 1.10999 1.11441 -0.00396513
1.05 0.15 1.03026 1.03451 -0.00410497
1.2 0.15 0.907699 0.91057 -0.00315246
1.35 0.15 0.762261 0.763404 -0.00149782
1.5 0.15 0.616204 0.616022 0.000294901
1.65 0.15 0.485316 0.484472 0.00174346
1.8 0.15 0.376416 0.375636 0.00207757
1.95 0.15 0.290896 0.289744 0.00397599
2.1 0.15 0.224603 0.223756 0.00378568
2.25 0.15 0.174382 0.17371 0.00386417
2.4 0.15 0.13641 0.135901 0.00374546
2.55 0.15 0.107467 0.107279 0.0017463
2.7 0.15 0.0860086 0.0854938 0.00602151
2.85 0.15 0.0689672 0.0687858 0.00263628
3 0.15 0.0297962 0.0558613 -0.466604
-3 0.3 0.0293314 0.0550178 -0.466875
-2.85 0.3 0.0678138 0.0676446 0.00250216
-2.7 0.3 0.0846195 0.0839316 0.00819524
-2.55 0.3 0.105137 0.105117 0.000188053
-2.4 0.3 0.133373 0.132877 0.00372754
-2.25 0.3 0.170102 0.169449 0.00385555
-2.1 0.3 0.218555 0.217724 0.00381921
-1.95 0.3 0.282287 0.281225 0.00377803
-1.8 0.3 0.364746 0.363748 0.00274388
-1.65 0.3 0.469169 0.468333 0.00178475
-1.5 0.3 0.595491 0.595168 0.000541894
-1.35 0.3 0.737649 0.738534 -0.0011991
-1.2 0.3 0.881769 0.884318 -0.00288183
-1.05 0.3 1.00742 1.01145 -0.00398815
-0.9 0.3 1.0951 1.09961 -0.00410275
-0.75 0.3 1.13587 1.13955 -0.00323175
-0.6 0.3 1.13554 1.13753 -0.00175255
-0.45 0.3 1.11022 1.11043 -0.000189157
-0.3 0.3 1.07804 1.07689 0.00107223
-0.15 0.3 1.05321 1.05126 0.00185526
0 0.3 1.04404 1.04183 0.00211709
0.15 0.3 1.05321 1.05126 0.00185464
0.3 0.3 1.07804 1.07689 0.00107282
0.45 0.3 1.11022 1.11043 -0.000189471
0.6 0.3 1.13554 1.13753 -0.00175243
0.75 0.3 1.13587 1.13955 -0.00323207
0.9 0.3 1.0951 1.09961 -0.00410306
1.05 0.3 1.00742 1.01145 -0.00398524
1.2 0.3 0.88177 0.884318 -0.00288144
1.35 0.3 0.737649 0.738534 -0.00119863
1.5 0.3 0.59549 0.595168 0.000540866
1.65 0.3 0.469168 0.468333 0.0017825
1.8 0.3 0.36475 0.363748 0.00275327
1.95 0.3 0.282286 0.281225 0.00377283
2.1 0.3 0.218554 0.217724 0.00381163
2.25 0.3 0.170099 0.169449 0.00383892
2.4 0.3 0.133372 0.132877 0.00372116
2.55 0.3 0.105136 0.105117 0.00018417
2.7 0.3 0.0846187 0.0839316 0.00818628
2.85 0.3 0.0678159 0.0676446 0.00253237
3 0.3 0.0293319 0.0550178 -0.466865
-3 0.45 0.0285817 0.0536528 -0.467284
-2.85 0.45 0.0659654 0.0658028 0.00247239
-2.7 0.45 0.082081 0.0814183 0.00814018
-2.55 0.45 0.101478 0.10165 -0.00168922
-2.4 0.45 0.128519 0.128046 0.00369414
-2.25 0.45 0.163289 0.162664 0.00384383
-2.1 0.45 0.20895 0.208154 0.00382367
-1.95 0.45 0.268727 0.267748 0.00365806
-1.8 0.45 0.346286 0.34497 0.00381612
-1.65 0.45 0.443549 0.442801 0.00168837
-1.5 0.45 0.562482 0.561957 0.000933183
-1.35 0.45 0.697815 0.69831 -0.00070801
-1.2 0.45 0.838529 0.840544 -0.00239824
-1.05 0.45 0.967082 0.970674 -0.00370112
-0.9 0.45 1.06522 1.0697 -0.00418552
-0.75 0.45 1.12223 1.12646 -0.00375572
-0.6 0.45 1.13995 1.14298 -0.00265732
-0.45 0.45 1.13064 1.13215 -0.00133733
-0.3 0.45 1.11022 1.11043 -0.000189105
-0.15 0.45 1.09232 1.09171 0.000558046
0 0.45 1.08541 1.08453 0.000813189
0.15 0.45 1.09232 1.09171 0.000557633
0.3 0.45 1.11022 1.11043 -0.000189213
0.45 0.45 1.13064 1.13215 -0.00133775
0.6 0.45 1.13995 1.14298 -0.00265708
0.75 0.45 1.12223 1.12646 -0.00375573
0.9 0.45 1.06522 1.0697 -0.00418589
1.05 0.45 0.967083 0.970674 -0.00369944
1.2 0.45 0.83853 0.840544 -0.00239665
1.35 0.45 0.697816 0.69831 -0.00070654
1.5 0.45 0.562484 0.561957 0.000936521
1.65 0.45 0.443547 0.442801 0.0016845
1.8 0.45 0.346285 0.34497 0.00381097
1.95 0.45 0.268728 0.267748 0.00366093
2.1 0.45 0.208953 0.208154 0.00383626
2.25 0.45 0.163289 0.162664 0.00384413
2.4 0.45 0.128522 0.128046 0.00371305
2.55 0.45 0.10148 0.10165 -0.00166768
2.7 0.45 0.0820781 0.0814183 0.00810414
2.85 0.45 0.0659626 0.0658028 0.00242929
3 0.45 0.0285833 0.0536528 -0.467255
-3 0.6 0.0275831 0.0518235 -0.467749
-2.85 0.6 0.0635045 0.0633445 0.00252505
-2.7 0.6 0.0786158 0.0780787 0.00687844
-2.55 0.6 0.0970592 0.097065 -5.96144e-05
-2.4 0.6 0.122137 0.121691 0.00365948
-2.25 0.6 0.154372 0.153788 0.00380122
-2.1 0.6 0.19645 0.195701 0.00382809
-1.95 0.6 0.251217 0.250288 0.00370962
-1.8 0.6 0.322146 0.320708 0.00448596
-1.65 0.6 0.410338 0.409779 0.0013648
-1.5 0.6 0.519417 0.518676 0.0014285
-1.35 0.6 0.644864 0.644902 -6.01926e-05
-1.2 0.6 0.778928 0.780254 -0.00169911
-1.05 0.6 0.907698 0.91057 -0.00315406
-0.9 0.6 1.01517 1.01927 -0.004028
-0.75 0.6 1.0896 1.09412 -0.00413611
-0.6 0.6 1.12875 1.1328 -0.00357213
-0.45 0.6 1.13995 1.14298 -0.0026572
-0.3 0.6 1.13554 1.13753 -0.00175263
-0.15 0.6 1.12749 1.12876 -0.00112174
0 0.6 1.12388 1.12489 -0.000897669
0.15 0.6 1.12749 1.12876 -0.00112089
0.3 0.6 1.13554 1.13753 -0.00175303
0.45 0.6 1.13995 1.14298 -0.00265709
0.6 0.6 1.12875 1.1328 -0.00357148
0.75 0.6 1.0896 1.09412 -0.00413848
0.9 0.6 1.01517 1.01927 -0.00402932
1.05 0.6 0.907697 0.91057 -0.00315481
1.2 0.6 0.778929 0.780254 -0.00169738
1.35 0.6 0.644866 0.644902 -5.68071e-05
1.5 0.6 0.519414 0.518676 0.00142443
1.65 0.6 0.410336 0.409779 0.00135913
1.8 0.6 0.322144 0.320708 0.00447756
1.95 0.6 0.251215 0.250288 0.00370137
2.1 0.6 0.196449 0.195701 0.00382374
2.25 0.6 0.154373 0.153788 0.00380765
2.4 0.6 0.122133 0.121691 0.00363181
2.55 0.6 0.0970584 0.097065 -6.80321e-05
2.7 0.6 0.0786143 0.0780787 0.00685859
2.85 0.6 0.0635055 0.0633445 0.00254065
3 0.6 0.027584 0.0518235 -0.467732
-3 0.75 0.0263726 0.0496028 -0.466458
-2.85 0.75 0.0605295 0.060376 0.00254308
-2.7 0.75 0.074411 0.0740692 0.00461407
-2.55 0.75 0.0917817 0.0915952 0.00203621
-2.4 0.75 0.114499 0.114162 0.00295668
-2.25 0.75 0.143888 0.143345 0.00378915
-2.1 0.75 0.181849 0.181151 0.00385391
-1.95 0.75 0.230891 0.230017 0.0037985
-1.8 0.75 0.293845 0.29266 0.00405042
-1.65 0.75 0.372464 0.37162 0.00227151
-1.5 0.75 0.469174 0.468333 0.00179628
-1.35 0.75 0.582059 0.581652 0.000699786
-1.2 0.75 0.705659 0.706223 -0.000798912
-1.05 0.75 0.82992 0.831834 -0.00230187
-0.9 0.75 0.941924 0.945214 -0.00348051
-0.75 0.75 1.03027 1.03451 -0.00410413
-0.6 0.75 1.0896 1.09412 -0.00413802
-0.45 0.75 1.12222 1.12646 -0.00375649
-0.3 0.75 1.13587 1.13955 -0.00323219
-0.15 0.75 1.13954 1.14275 -0.00281472
0 0.75 1.13995 1.14298 -0.00265892
0.15 0.75 1.13954 1.14275 -0.00281433
0.3 0.75 1.13587 1.13955 -0.00323171
0.45 0.75 1.12223 1.12646 -0.00375557
0.6 0.75 1.0896 1.09412 -0.00413826
0.75 0.75 1.03026 1.03451 -0.00410459
0.9 0.75 0.941924 0.945214 -0.00347982
1.05 0.75 0.829918 0.831834 -0.00230362
1.2 0.75 0.705655 0.706223 -0.000805196
1.35 0.75 0.582058 0.581652 0.000697187
1.5 0.75 0.469176 0.468333 0.00180048
1.65 0.75 0.37246 0.37162 0.00226117
1.8 0.75 0.293847 0.29266 0.0040573
1.95 0.75 0.230891 0.230017 0.00379677
2.1 0.75 0.18185 0.181151 0.00385601
2.25 0.75 0.143888 0.143345 0.00378627
2.4 0.75 0.1145 0.114162 0.0029661
2.55 0.75 0.0917832 0.0915952 0.00205272
2.7 0.75 0.0744146 0.0740692 0.00466286
2.85 0.75 0.0605305 0.060376 0.00255987
3 0.75 0.0263723 0.0496028 -0.466463
-3 0.9 0.0249907 0.0470732 -0.454966
-2.85 0.9 0.0571507 0.0570157 0.0023676
-2.7 0.9 0.0697916 0.0695623 0.00329684
-2.55 0.9 0.0861295 0.0854938 0.00743658
-2.4 0.9 0.105882 0.105831 0.000479077
-2.25 0.9 0.132382 0.131891 0.00372654
-2.1 0.9 0.165961 0.165331 0.00380656
-1.95 0.9 0.20895 0.208154 0.00382314
-1.8 0.9 0.263565 0.262597 0.0036855
-1.65 0.9 0.332259 0.330828 0.00432509
-1.5 0.9 0.414883 0.41431 0.00138439
-1.35 0.9 0.513559 0.512793 0.00149384
-1.2 0.9 0.623259 0.623127 0.000210835
-1.05 0.9 0.737653 0.738534 -0.00119301
-0.9 0.9 0.847154 0.849276 -0.00249781
-0.75 0.9 0.941924 0.945214 -0.00348036
-0.6 0.9 1.01517 1.01927 -0.0040299
-0.45 0.9 1.06522 1.0697 -0.00418575
-0.3 0.9 1.0951 1.09961 -0.00410425
-0.15 0.9 1.10999 1.11441 -0.00396501
0 0.9 1.11438 1.11875 -0.00390337
0.15 0.9 1.10999 1.11441 -0.00396532
0.3 0.9 1.0951 1.09961 -0.00410389
0.45 0.9 1.06523 1.0697 -0.00418318
0.6 0.9 1.01517 1.01927 -0.00402925
0.75 0.9 0.941924 0.945214 -0.00347977
0.9 0.9 0.847154 0.849276 -0.00249783
1.05 0.9 0.73765 0.738534 -0.00119718
1.2 0.9 0.623257 0.623127 0.000208626
1.35 0.9 0.513557 0.512793 0.00149114
1.5 0.9 0.41488 0.41431 0.00137628
1.65 0.9 0.332261 0.330828 0.00433195
1.8 0.9 0.263555 0.262597 0.00364758
1.95 0.9 0.208952 0.208154 0.00383305
2.1 0.9 0.165964 0.165331 0.00382585
2.25 0.9 0.132384 0.131891 0.00374213
2.4 0.9 0.105884 0.105831 0.000506234
2.55 0.9 0.0861367 0.0854938 0.00752016
2.7 0.9 0.0697936 0.0695623 0.00332471
2.85 0.9 0.0571521 0.0570157 0.00239278
3 0.9 0.02499 0.0470732 -0.454981
-3 1.05 0.0234888 0.0443205 -0.441721
-2.85 1.05 0.0535014 0.0533857 0.00216701
-2.7 1.05 0.064924 0.0647325 0.00295867
-2.55 1.05 0.0795696 0.0790124 0.00705265
-2.4 1.05 0.0969304 0.097065 -0.00138677
-2.25 1.05 0.120386 0.119958 0.0035673
-2.1 1.05 0.149586 0.149019 0.00380514
-1.95 1.05 0.186547 0.18583 0.00386127
-1.8 1.05 0.233034 0.232158 0.00377373
-1.65 1.05 0.290892 0.289744 0.00396227
-1.5 1.05 0.360956 0.359891 0.00295872
-1.35 1.05 0.443532 0.442801 0.00165097
-1.2 1.05 0.537426 0.536771 0.0012206
-1.05 1.05 0.63759 0.637568 3.50148e-05
-0.9 1.05 0.737651 0.738534 -0.00119596
-0.75 1.05 0.82992 0.831834 -0.00230179
-0.6 1.05 0.907697 0.91057 -0.00315447
-0.45 1.05 0.967084 0.970674 -0.00369883
-0.3 1.05 1.00742 1.01145 -0.00398662
-0.15 1.05 1.03027 1.03451 -0.00410256
0 1.05 1.0376 1.0419 -0.00413285
0.15 1.05 1.03026 1.03451 -0.00410518
0.3 1.05 1.00742 1.01145 -0.00398667
0.45 1.05 0.967083 0.970674 -0.00369939
0.6 1.05 0.907699 0.91057 -0.00315232
0.75 1.05 0.829918 0.831834 -0.00230428
0.9 1.05 0.737646 0.738534 -0.00120315
1.05 1.05 0.637586 0.637568 2.85701e-05
1.2 1.05 0.537427 0.536771 0.00122254
1.35 1.05 0.443531 0.442801 0.00164921
1.5 1.05 0.360952 0.359891 0.00294909
1.65 1.05 0.290892 0.289744 0.00396154
1.8 1.05 0.23303 0.232158 0.0037573
1.95 1.05 0.186544 0.18583 0.0038455
2.1 1.05 0.149583 0.149019 0.00378732
2.25 1.05 0.120391 0.119958 0.00360368
2.4 1.05 0.0969303 0.097065 -0.00138708
2.55 1.05 0.0795785 0.0790124 0.00716561
2.7 1.05 0.0649281 0.0647325 0.00302205
2.85 1.05 0.0535003 0.0533857 0.00214562
3 1.05 0.0234882 0.0443205 -0.441734
-3 1.2 0.0219166 0.0414285 -0.426823
-2.85 1.2 0.0497054 0.0496028 0.00205866
-2.7 1.2 0.0599151 0.0597439 0.0028663
-2.55 1.2 0.0726637 0.0723826 0.00388478
-2.4 1.2 0.0886725 0.0881921 0.00544728
-2.25 1.2 0.108153 0.108014 0.00128297
-2.1 1.2 0.133373 0.132877 0.00373091
-1.95 1.2 0.164618 0.16399 0.00382754
-1.8 1.2 0.203464 0.202687 0.00383209
-1.65 1.2 0.251218 0.250288 0.00371428
-1.5 1.2 0.309174 0.307828 0.00437371
-1.35 1.2 0.376492 0.375636 0.00227908
-1.2 1.2 0.453616 0.452813 0.00177342
-1.05 1.2 0.537428 0.536771 0.00122382
-0.9 1.2 0.623259 0.623127 0.000210885
-0.75 1.2 0.70566 0.706223 -0.000797447
-0.6 1.2 0.778931 0.780254 -0.00169546
-0.45 1.2 0.838531 0.840544 -0.00239574
-0.3 1.2 0.881771 0.884318 -0.00287934
-0.15 1.2 0.907702 0.91057 -0.00314958
0 1.2 0.916308 0.919283 -0.00323565
0.15 1.2 0.907701 0.91057 -0.00315094
0.3 1.2 0.881769 0.884318 -0.00288218
0.45 1.2 0.838526 0.840544 -0.00240132
0.6 1.2 0.778929 0.780254 -0.00169797
0.75 1.2 0.705657 0.706223 -0.000801954
0.9 1.2 0.623256 0.623127 0.000206587
1.05 1.2 0.537428 0.536771 0.00122356
1.2 1.2 0.453615 0.452813 0.00177219
1.35 1.2 0.376493 0.375636 0.00228374
1.5 1.2 0.309175 0.307828 0.00437794
1.65 1.2 0.251216 0.250288 0.00370523
1.8 1.2 0.203464 0.202687 0.00383162
1.95 1.2 0.164618 0.16399 0.0038282
2.1 1.2 0.133373 0.132877 0.00372947
2.25 1.2 0.108152 0.108014 0.00127817
2.4 1.2 0.0886689 0.0881921 0.00540578
2.55 1.2 0.0726593 0.0723826 0.00382387
2.7 1.2 0.0599189 0.0597439 0.00292942
2.85 1.2 0.0497088 0.0496028 0.00212771
3 1.2 0.0219194 0.0414285 -0.426762
-3 1.35 0.0203187 0.0384746 -0.410419
-2.85 1.35 0.0458735 0.0457724 0.00211171
-2.7 1.35 0.054904 0.0547408 0.00298087
-2.55 1.35 0.0660125 0.0658028 0.00318785
-2.4 1.35 0.080111 0.0794852 0.0078733
-2.25 1.35 0.0962883 0.0964344 -0.00151436
-2.1 1.35 0.117823 0.117424 0.00339636
-1.95 1.35 0.143883 0.143345 0.00375555
-1.8 1.35 0.175836 0.175164 0.00383722
-1.65 1.35 0.214638 0.213825 0.00380012
-1.5 1.35 0.261022 0.260072 0.00365533
-1.35 1.35 0.31557 0.314182 0.0044171
-1.2 1.35 0.376488 0.375636 0.0022689
-1.05 1.35 0.44353 0.442801 0.0016464
-0.9 1.35 0.513559 0.512793 0.00149461
-0.75 1.35 0.582059 0.581652 0.000698828
-0.6 1.35 0.644868 0.644902 -5.38762e-05
-0.45 1.35 0.697817 0.69831 -0.000705897
-0.3 1.35 0.737649 0.738534 -0.00119813
-0.15 1.35 0.762261 0.763404 -0.0014978
0 1.35 0.770571 0.771804 -0.00159657
0.15 1.35 0.762262 0.763404 -0.00149554
0.3 1.35 0.737651 0.738534 -0.00119638
0.45 1.35 0.697818 0.69831 -0.000703538
0.6 1.35 0.644866 0.644902 -5.66969e-05
0.75 1.35 0.582058 0.581652 0.000698729
0.9 1.35 0.513558 0.512793 0.00149305
1.05 1.35 0.443534 0.442801 0.00165463
1.2 1.35 0.376489 0.375636 0.00227266
1.35 1.35 0.315568 0.314182 0.00441225
1.5 1.35 0.261026 0.260072 0.00366875
1.65 1.35 0.214635 0.213825 0.00378939
1.8 1.35 0.175832 0.175164 0.00381283
1.95 1.35 0.143888 0.143345 0.00378843
2.1 1.35 0.117822 0.117424 0.00339369
2.25 1.35 0.0962878 0.0964344 -0.00151966
2.4 1.35 0.0801172 0.0794852 0.0079508
2.55 1.35 0.0660098 0.0658028 0.00314634
2.7 1.35 0.0549022 0.0547408 0.00294856
2.85 1.35 0.0458693 0.0457724 0.00202331
3 1.35 0.0203198 0.0384746 -0.410396
-3 1.5 0.0187249 0.0355262 -0.392892
-2.85 1.5 0.0420736 0.0419843 0.00194235
-2.7 1.5 0.0499848 0.0498426 0.00284789
-2.55 1.5 0.0596137 0.0594314 0.00306692
-2.4 1.5 0.0714246 0.0711539 0.00380467
-2.25 1.5 0.086136 0.0854938 0.0075126
-2.1 1.5 0.102925 0.103017 -0.000893761
-1.95 1.5 0.124818 0.124359 0.00369068
-1.8 1.5 0.150765 0.150191 0.00381939
-1.65 1.5 0.18185 0.181151 0.00385482
-1.5 1.5 0.218556 0.217724 0.00382044
-1.35 1.5 0.261033 0.260072 0.00369464
-1.2 1.5 0.309175 0.307828 0.00437779
-1.05 1.5 0.360956 0.359891 0.00295952
-0.9 1.5 0.414885 0.41431 0.00138877
-0.75 1.5 0.469176 0.468333 0.00180017
-0.6 1.5 0.519413 0.518676 0.00142237
-0.45 1.5 0.562481 0.561957 0.000932456
-0.3 1.5 0.595491 0.595168 0.000542447
-0.15 1.5 0.616202 0.616022 0.000291562
0 1.5 0.623256 0.623127 0.000205507
0.15 1.5 0.616202 0.616022 0.000292593
0.3 1.5 0.595489 0.595168 0.000538956
0.45 1.5 0.562481 0.561957 0.000932013
0.6 1.5 0.519415 0.518676 0.0014254
0.75 1.5 0.469177 0.468333 0.00180267
0.9 1.5 0.414884 0.41431 0.00138544
1.05 1.5 0.360953 0.359891 0.00295027
1.2 1.5 0.30918 0.307828 0.00439368
1.35 1.5 0.261031 0.260072 0.00368974
1.5 1.5 0.218557 0.217724 0.00382744
1.65 1.5 0.181849 0.181151 0.00385155
1.8 1.5 0.150762 0.150191 0.00380127
1.95 1.5 0.124818 0.124359 0.00369241
2.1 1.5 0.102926 0.103017 -0.000882035
2.25 1.5 0.08614 0.0854938 0.00755856
2.4 1.5 0.0714316 0.0711539 0.00390259
2.55 1.5 0.0596143 0.0594314 0.00307593
2.7 1.5 0.0499894 0.0498426 0.00294052
2.85 1.5 0.0420732 0.0419843 0.00193286
3 1.5 0.0187262 0.0355262 -0.392862
-3 1.65 0.0171694 0.0326393 -0.374395
-2.85 1.65 0.0383842 0.0383106 0.00166818
-2.7 1.65 0.0452627 0.0451417 0.00254314
-2.55 1.65 0.0535386 0.0533857 0.00286389
-2.4 1.65 0.0635472 0.0633445 0.0031991
-2.25 1.65 0.0757861 0.0753719 0.00549587
-2.1 1.65 0.0903324 0.0898704 0.00514061
-1.95 1.65 0.107418 0.107279 0.00129034
-1.8 1.65 0.128522 0.128046 0.00371513
-1.65 1.65 0.153156 0.152576 0.00380455
-1.5 1.65 0.181848 0.181151 0.00384559
-1.35 1.65 0.214638 0.213825 0.00380128
-1.2 1.65 0.25122 0.250288 0.00372095
-1.05 1.65 0.290891 0.289744 0.00395726
-0.9 1.65 0.332267 0.330828 0.00434876
-0.75 1.65 0.372467 0.37162 0.00227921
-0.6 1.65 0.410336 0.409779 0.00135908
-0.45 1.65 0.443548 0.442801 0.00168571
-0.3 1.65 0.469168 0.468333 0.00178263
-0.15 1.65 0.485316 0.484472 0.00174184
0 1.65 0.490837 0.489992 0.00172362
0.15 1.65 0.485317 0.484472 0.00174473
0.3 1.65 0.46917 0.468333 0.00178788
0.45 1.65 0.443548 0.442801 0.00168597
0.6 1.65 0.410335 0.409779 0.00135728
0.75 1.65 0.372465 0.37162 0.00227464
0.9 1.65 0.332256 0.330828 0.00431668
1.05 1.65 0.290891 0.289744 0.00395682
1.2 1.65 0.251217 0.250288 0.00370921
1.35 1.65 0.21464 0.213825 0.00381239
1.5 1.65 0.181848 0.181151 0.00384479
1.65 1.65 0.153156 0.152576 0.00380398
1.8 1.65 0.128521 0.128046 0.00370883
1.95 1.65 0.107416 0.107279 0.00126938
2.1 1.65 0.0903346 0.0898704 0.00516432
2.25 1.65 0.0757869 0.0753719 0.00550696
2.4 1.65 0.0635509 0.0633445 0.00325828
2.55 1.65 0.0535411 0.0533857 0.00290999
2.7 1.65 0.0452646 0.0451417 0.00258259
2.85 1.65 0.0383837 0.0383106 0.00165567
3 1.65 0.0171692 0.0326393 -0.374401
-3 1.8 0.0156721 0.029858 -0.355279
-2.85 1.8 0.0348638 0.0348056 0.00137269
-2.7 1.8 0.0408035 0.0407042 0.00218939
-2.55 1.8 0.047867 0.047744 0.00251797
-2.4 1.8 0.0563159 0.0561467 0.00301369
-2.25 1.8 0.0663806 0.0661652 0.00325489
-2.1 1.8 0.0786338 0.0780787 0.00710924
-1.95 1.8 0.0922208 0.0921807 0.000434495
-1.8 1.8 0.108962 0.108756 0.00189302
-1.65 1.8 0.128522 0.128046 0.00371238
-1.5 1.8 0.15076 0.150191 0.00378666
-1.35 1.8 0.175836 0.175164 0.00383339
-1.2 1.8 0.203468 0.202687 0.00385104
-1.05 1.8 0.233036 0.232158 0.00378365
-0.9 1.8 0.263563 0.262597 0.00367763
-0.75 1.8 0.29384 0.29266 0.00403394
-0.6 1.8 0.322144 0.320708 0.00447988
-0.45 1.8 0.346286 0.34497 0.00381463
-0.3 1.8 0.364746 0.363748 0.00274363
-0.15 1.8 0.37642 0.375636 0.00208933
0 1.8 0.38041 0.379706 0.00185432
0.15 1.8 0.376421 0.375636 0.00209158
0.3 1.8 0.364747 0.363748 0.00274562
0.45 1.8 0.346282 0.34497 0.00380437
0.6 1.8 0.322136 0.320708 0.00445296
0.75 1.8 0.293845 0.29266 0.00405179
0.9 1.8 0.263555 0.262597 0.0036481
1.05 1.8 0.233033 0.232158 0.00376958
1.2 1.8 0.203462 0.202687 0.00382049
1.35 1.8 0.175836 0.175164 0.00383861
1.5 1.8 0.150762 0.150191 0.00380106
1.65 1.8 0.12852 0.128046 0.00370065
1.8 1.8 0.108965 0.108756 0.00191451
1.95 1.8 0.0922143 0.0921807 0.000364195
2.1 1.8 0.0786346 0.0780787 0.00711984
2.25 1.8 0.0663743 0.0661652 0.00315961
2.4 1.8 0.0563084 0.0561467 0.00288072
2.55 1.8 0.0478697 0.047744 0.00257235
2.7 1.8 0.0408071 0.0407042 0.00226925
2.85 1.8 0.0348652 0.0348056 0.00140635
3 1.8 0.0156716 0.029858 -0.355291
-3 1.95 0.0142564 0.0272147 -0.335644
-2.85 1.95 0.0315569 0.0315071 0.00122159
-2.7 1.95 0.0366581 0.0365724 0.00198038
-2.55 1.95 0.0426577 0.0425511 0.00230379
-2.4 1.95 0.0497415 0.0496028 0.00278386
-2.25 1.95 0.0580815 0.0579045 0.00305598
-2.1 1.95 0.0678648 0.0676446 0.00325624
-1.95 1.95 0.0796143 0.0790124 0.00761894
-1.8 1.95 0.0922206 0.0921807 0.000432457
-1.65 1.95 0.107417 0.107279 0.00128362
-1.5 1.95 0.124818 0.124359 0.00369142
-1.35 1.95 0.143883 0.143345 0.00375679
-1.2 1.95 0.164617 0.16399 0.00382548
-1.05 1.95 0.186547 0.18583 0.0038628
-0.9 1.95 0.208953 0.208154 0.00383978
-0.75 1.95 0.230886 0.230017 0.00377628
-0.6 1.95 0.251214 0.250288 0.00370047
-0.45 1.95 0.268737 0.267748 0.00369351
-0.3 1.95 0.282289 0.281225 0.00378373
-0.15 1.95 0.290895 0.289744 0.00397116
0 1.95 0.29386 0.29266 0.00410252
0.15 1.95 0.290898 0.289744 0.00398372
0.3 1.95 0.282289 0.281225 0.00378486
0.45 1.95 0.268727 0.267748 0.00365834
0.6 1.95 0.25121 0.250288 0.00368407
0.75 1.95 0.230885 0.230017 0.00377319
0.9 1.95 0.20895 0.208154 0.00382503
1.05 1.95 0.186549 0.18583 0.00387112
1.2 1.95 0.164625 0.16399 0.00387083
1.35 1.95 0.143888 0.143345 0.00379172
1.5 1.95 0.124818 0.124359 0.00369694
1.65 1.95 0.107418 0.107279 0.00128987
1.8 1.95 0.0922176 0.0921807 0.000400031
1.95 1.95 0.0796151 0.0790124 0.00762785
2.1 1.95 0.0678603 0.0676446 0.00318993
2.25 1.95 0.0580807 0.0579045 0.00304239
2.4 1.95 0.0497439 0.0496028 0.00283275
2.55 1.95 0.0426587 0.0425511 0.00232543
2.7 1.95 0.036659 0.0365724 0.00199981
2.85 1.95 0.0315566 0.0315071 0.00121418
3 1.95 0.014256 0.0272147 -0.335654
-3 2.1 0.0129201 0.0247312 -0.316094
-2.85 2.1 0.028484 0.0284384 0.00116339
-2.7 2.1 0.0328475 0.0327688 0.001903
-2.55 2.1 0.0379233 0.0378247 0.00224575
-2.4 2.1 0.0438398 0.0437189 0.00258036
-2.25 2.1 0.0507284 0.0505722 0.00308793
-2.1 2.1 0.0586954 0.0585083 0.00319771
-1.95 2.1 0.067862 0.0676446 0.00321492
-1.8 2.1 0.0786292 0.0780787 0.00705009
-1.65 2.1 0.0903322 0.0898704 0.00513797
-1.5 2.1 0.102923 0.103017 -0.000909691
-1.35 2.1 0.117822 0.117424 0.00339564
-1.2 2.1 0.133371 0.132877 0.00371638
-1.05 2.1 0.149583 0.149019 0.0037838
-0.9 2.1 0.165962 0.165331 0.00381646
-0.75 2.1 0.181849 0.181151 0.00385092
-0.6 2.1 0.19645 0.195701 0.00382967
-0.45 2.1 0.208952 0.208154 0.00383222
-0.3 2.1 0.21855 0.217724 0.00379373
-0.15 2.1 0.224604 0.223756 0.00379046
0 2.1 0.226669 0.225817 0.00377449
0.15 2.1 0.224598 0.223756 0.00376504
0.3 2.1 0.218551 0.217724 0.00380129
0.45 2.1 0.208949 0.208154 0.00382032
0.6 2.1 0.196451 0.195701 0.00383141
0.75 2.1 0.181846 0.181151 0.00383764
0.9 2.1 0.165966 0.165331 0.00383538
1.05 2.1 0.149582 0.149019 0.00378267
1.2 2.1 0.133371 0.132877 0.00371758
1.35 2.1 0.117823 0.117424 0.00340095
1.5 2.1 0.102926 0.103017 -0.000882688
1.65 2.1 0.0903329 0.0898704 0.0051455
1.8 2.1 0.0786306 0.0780787 0.00706832
1.95 2.1 0.0678595 0.0676446 0.00317792
2.1 2.1 0.0586892 0.0585083 0.00309096
2.25 2.1 0.0507274 0.0505722 0.0030678
2.4 2.1 0.0438368 0.0437189 0.00251688
2.55 2.1 0.0379202 0.0378247 0.00217588
2.7 2.1 0.0328453 0.0327688 0.00184814
2.85 2.1 0.0284829 0.0284384 0.00113678
3 2.1 0.0129193 0.0247312 -0.316117
-3 2.25 0.0119132 0.0224202 -0.290167
-2.85 2.25 0.0253481 0.0256103 -0.00693593
-2.7 2.25 0.0293665 0.0292999 0.00168071
-2.55 2.25 0.0336456 0.0335619 0.00200464
-2.4 2.25 0.0385791 0.0384746 0.00236234
-2.25 2.25 0.0442455 0.0441186 0.00269658
-2.1 2.25 0.0507253 0.0505722 0.00302667
-1.95 2.25 0.0580829 0.0579045 0.00308124
-1.8 2.25 0.0663778 0.0661652 0.00321292
-1.65 2.25 0.0757861 0.0753719 0.00549588
-1.5 2.25 0.086139 0.0854938 0.00754788
-1.35 2.25 0.0962876 0.0964344 -0.00152249
-1.2 2.25 0.108154 0.108014 0.00129186
-1.05 2.25 0.120391 0.119958 0.0036115
-0.9 2.25 0.132384 0.131891 0.00373728
-0.75 2.25 0.143887 0.143345 0.00378311
-0.6 2.25 0.154374 0.153788 0.00380959
-0.45 2.25 0.163289 0.162664 0.00384136
-0.3 2.25 0.1701 0.169449 0.00384588
-0.15 2.25 0.17438 0.17371 0.00385218
0 2.25 0.175841 0.175164 0.0038642
0.15 2.25 0.174379 0.17371 0.00384891
0.3 2.25 0.170102 0.169449 0.00385643
0.45 2.25 0.163287 0.162664 0.00382967
0.6 2.25 0.154376 0.153788 0.00382368
0.75 2.25 0.143888 0.143345 0.00379084
0.9 2.25 0.132383 0.131891 0.00373486
1.05 2.25 0.120389 0.119958 0.00358885
1.2 2.25 0.108152 0.108014 0.00127093
1.35 2.25 0.0962846 0.0964344 -0.00155288
1.5 2.25 0.0861335 0.0854938 0.00748274
1.65 2.25 0.0757895 0.0753719 0.00554052
1.8 2.25 0.0663821 0.0661652 0.00327732
1.95 2.25 0.0580818 0.0579045 0.00306071
2.1 2.25 0.0507254 0.0505722 0.00302778
2.25 2.25 0.0442483 0.0441186 0.00275596
2.4 2.25 0.0385807 0.0384746 0.00239862
2.55 2.25 0.0336446 0.0335619 0.00198146
2.7 2.25 0.0293681 0.0292999 0.00172182
2.85 2.25 0.0253486 0.0256103 -0.0069219
3 2.25 0.0119157 0.0224202 -0.2901
-3 2.4 0.0108355 0.0202872 -0.268946
-2.85 2.4 0.0224811 0.0230247 -0.014886
-2.7 2.4 0.0261098 0.0261602 -0.0013228
-2.55 2.4 0.0298121 0.0297451 0.00168019
-2.4 2.4 0.0339174 0.0338325 0.0020257
-2.25 2.4 0.0385792 0.0384746 0.00236554
-2.1 2.4 0.0438376 0.0437189 0.00253471
-1.95 2.4 0.0497398 0.0496028 0.00275068
-1.8 2.4 0.0563091 0.0561467 0.00289151
-1.65 2.4 0.0635456 0.0633445 0.0031736
-1.5 2.4 0.0714348 0.0711539 0.00394809
-1.35 2.4 0.0801113 0.0794852 0.00787684
-1.2 2.4 0.0886691 0.0881921 0.00540816
-1.05 2.4 0.0969311 0.097065 -0.00137892
-0.9 2.4 0.105883 0.105831 0.000493503
-0.75 2.4 0.114499 0.114162 0.00295477
-0.6 2.4 0.122134 0.121691 0.00363753
-0.45 2.4 0.128521 0.128046 0.00370593
-0.3 2.4 0.133373 0.132877 0.00373184
-0.15 2.4 0.136409 0.135901 0.00374045
0 2.4 0.137445 0.13693 0.00375662
0.15 2.4 0.136407 0.135901 0.00372571
0.3 2.4 0.133373 0.132877 0.00373129
0.45 2.4 0.128518 0.128046 0.00368677
0.6 2.4 0.122135 0.121691 0.00364498
0.75 2.4 0.114501 0.114162 0.00297372
0.9 2.4 0.105885 0.105831 0.00051018
1.05 2.4 0.0969287 0.097065 -0.0014045
1.2 2.4 0.0886748 0.0881921 0.00547298
1.35 2.4 0.0801191 0.0794852 0.00797456
1.5 2.4 0.0714301 0.0711539 0.00388164
1.65 2.4 0.0635485 0.0633445 0.00321959
1.8 2.4 0.0563139 0.0561467 0.00297837
1.95 2.4 0.0497431 0.0496028 0.00281601
2.1 2.4 0.0438408 0.0437189 0.00260252
2.25 2.4 0.0385791 0.0384746 0.00236233
2.4 2.4 0.03392 0.0338325 0.00208794
2.55 2.4 0.0298141 0.0297451 0.00172976
2.7 2.4 0.0261106 0.0261602 -0.00130381
2.85 2.4 0.0224839 0.0230247 -0.0148119
3 2.4 0.0108384 0.0202872 -0.268863
-3 2.55 0.00959357 0.0183316 -0.255755
-2.85 2.55 0.0211274 0.0206759 0.0127762
-2.7 2.55 0.0230305 0.023336 -0.00833051
-2.55 2.55 0.0263048 0.0263474 -0.0011141
-2.4 2.55 0.0298129 0.0297451 0.00169921
-2.25 2.55 0.0336454 0.0335619 0.00199872
-2.1 2.55 0.0379229 0.0378247 0.00223753
-1.95 2.55 0.0426575 0.0425511 0.0022992
-1.8 2.55 0.0478704 0.047744 0.00258553
-1.65 2.55 0.0535444 0.0533857 0.00297268
-1.5 2.55 0.0596148 0.0594314 0.00308586
-1.35 2.55 0.0660067 0.0658028 0.00310003
-1.2 2.55 0.0726604 0.0723826 0.00383806
-1.05 2.55 0.0795737 0.0790124 0.00710434
-0.9 2.55 0.0861255 0.0854938 0.00738921
-0.75 2.55 0.0917794 0.0915952 0.00201059
-0.6 2.55 0.0970546 0.097065 -0.000106653
-0.45 2.55 0.10148 0.10165 -0.00167037
-0.3 2.55 0.105138 0.105117 0.000202586
-0.15 2.55 0.107465 0.107279 0.00173416
0 2.55 0.108219 0.108014 0.00189505
0.15 2.55 0.107467 0.107279 0.00174891
0.3 2.55 0.105137 0.105117 0.000190079
0.45 2.55 0.10148 0.10165 -0.00167362
0.6 2.55 0.0970578 0.097065 -7.35653e-05
0.75 2.55 0.0917783 0.0915952 0.0019988
0.9 2.55 0.086135 0.0854938 0.00750095
1.05 2.55 0.0795738 0.0790124 0.00710584
1.2 2.55 0.0726655 0.0723826 0.00390842
1.35 2.55 0.0660107 0.0658028 0.00315934
1.5 2.55 0.0596181 0.0594314 0.00314051
1.65 2.55 0.0535417 0.0533857 0.00292089
1.8 2.55 0.0478686 0.047744 0.00254926
1.95 2.55 0.0426569 0.0425511 0.00228764
2.1 2.55 0.0379191 0.0378247 0.00215147
2.25 2.55 0.0336462 0.0335619 0.00201867
2.4 2.55 0.029814 0.0297451 0.00172817
2.55 2.55 0.0263042 0.0263474 -0.00113192
2.7 2.55 0.023029 0.023336 -0.0083715
2.85 2.55 0.021126 0.0206759 0.0127381
3 2.55 0.00959502 0.0183316 -0.255712
-3 2.7 0.00863722 0.0165487 -0.237765
-2.85 2.7 0.0185702 0.0185534 0.000488774
-2.7 2.7 0.0213237 0.0208079 0.0145706
-2.55 2.7 0.0230279 0.023336 -0.00840307
-2.4 2.7 0.0261098 0.0261602 -0.00132466
-2.25 2.7 0.0293676 0.0292999 0.00170817
-2.1 2.7 0.032849 0.0327688 0.0019382
-1.95 2.7 0.0366552 0.0365724 0.00191248
-1.8 2.7 0.0408033 0.0407042 0.00218437
-1.65 2.7 0.0452637 0.0451417 0.00256336
-1.5 2.7 0.0499873 0.0498426 0.00289736
-1.35 2.7 0.0549024 0.0547408 0.00295302
-1.2 2.7 0.059919 0.0597439 0.00293164
-1.05 2.7 0.0649276 0.0647325 0.00301365
-0.9 2.7 0.0697895 0.0695623 0.00326592
-0.75 2.7 0.0744109 0.0740692 0.00461349
-0.6 2.7 0.0786129 0.0780787 0.00684171
-0.45 2.7 0.0820804 0.0814183 0.00813282
-0.3 2.7 0.0846206 0.0839316 0.00820866
-0.15 2.7 0.086006 0.0854938 0.00599203
0 2.7 0.0865742 0.0860238 0.00639876
0.15 2.7 0.086006 0.0854938 0.00599156
0.3 2.7 0.0846204 0.0839316 0.00820611
0.45 2.7 0.0820849 0.0814183 0.00818737
0.6 2.7 0.078617 0.0780787 0.00689436
0.75 2.7 0.0744113 0.0740692 0.00461809
0.9 2.7 0.0697945 0.0695623 0.00333845
1.05 2.7 0.064928 0.0647325 0.00302041
1.2 2.7 0.0599191 0.0597439 0.0029336
1.35 2.7 0.0549012 0.0547408 0.00293003
1.5 2.7 0.0499872 0.0498426 0.00289632
1.65 2.7 0.0452678 0.0451417 0.00265064
1.8 2.7 0.0408048 0.0407042 0.00221873
1.95 2.7 0.0366574 0.0365724 0.00196376
2.1 2.7 0.0328458 0.0327688 0.00186063
2.25 2.7 0.0293683 0.0292999 0.00172755
2.4 2.7 0.0261097 0.0261602 -0.00132711
2.55 2.7 0.0230286 0.023336 -0.00838244
2.7 2.7 0.0213211 0.0208079 0.0144975
2.85 2.7 0.0185719 0.0185534 0.000540539
3 2.7 0.00864122 0.0165487 -0.237645
-3 2.85 0.00773759 0.0149305 -0.221558
-2.85 2.85 0.0166937 0.0166435 0.00150537
-2.7 2.85 0.0185739 0.0185534 0.00059871
-2.55 2.85 0.0211253 0.0206759 0.0127192
-2.4 2.85 0.0224817 0.0230247 -0.01487
-2.25 2.85 0.025349 0.0256103 -0.00691118
-2.1 2.85 0.0284833 0.0284384 0.00114677
-1.95 2.85 0.0315589 0.0315071 0.00127016
-1.8 2.85 0.0348642 0.0348056 0.00138197
-1.65 2.85 0.0383832 0.0383106 0.00164381
-1.5 2.85 0.042072 0.0419843 0.00190736
-1.35 2.85 0.045872 0.0457724 0.00207977
-1.2 2.85 0.0497101 0.0496028 0.0021548
-1.05 2.85 0.0535042 0.0533857 0.00221928
-0.9 2.85 0.0571519 0.0570157 0.00238759
-0.75 2.85 0.0605308 0.060376 0.00256437
-0.6 2.85 0.0635047 0.0633445 0.00252792
-0.45 2.85 0.0659691 0.0658028 0.00252794
-0.3 2.85 0.0678152 0.0676446 0.00252282
-0.15 2.85 0.0689642 0.0687858 0.00259357
0 2.85 0.0693613 0.0691725 0.00273011
0.15 2.85 0.0689684 0.0687858 0.00265348
0.3 2.85 0.0678133 0.0676446 0.00249406
0.45 2.85 0.065961 0.0658028 0.0024049
0.6 2.85 0.0635046 0.0633445 0.00252711
0.75 2.85 0.0605307 0.060376 0.00256372
0.9 2.85 0.0571491 0.0570157 0.00233851
1.05 2.85 0.0535013 0.0533857 0.00216542
1.2 2.85 0.0497094 0.0496028 0.00214066
1.35 2.85 0.0458677 0.0457724 0.00198992
1.5 2.85 0.04207 0.0419843 0.00186262
1.65 2.85 0.0383849 0.0383106 0.00168277
1.8 2.85 0.0348638 0.0348056 0.001373
1.95 2.85 0.0315552 0.0315071 0.00118026
2.1 2.85 0.0284822 0.0284384 0.00111903
2.25 2.85 0.0253501 0.0256103 -0.00688471
2.4 2.85 0.0224812 0.0230247 -0.0148839
2.55 2.85 0.0211266 0.0206759 0.0127541
2.7 2.85 0.0185699 0.0185534 0.000482543
2.85 2.85 0.0166949 0.0166435 0.00154226
3 2.85 0.00773911 0.0149305 -0.221511
-3 3 0.00364012 0.0134673 -0.309676
-2.85 3 0.00773766 0.0149305 -0.221556
-2.7 3 0.00863974 0.0165487 -0.23769
-2.55 3 0.00959605 0.0183316 -0.255682
-2.4 3 0.0108343 0.0202872 -0.268981
-2.25 3 0.0119132 0.0224202 -0.290169
-2.1 3 0.0129201 0.0247312 -0.316095
-1.95 3 0.0142557 0.0272147 -0.335661
-1.8 3 0.0156738 0.029858 -0.355235
-1.65 3 0.0171687 0.0326393 -0.374413
-1.5 3 0.0187243 0.0355262 -0.392905
-1.35 3 0.0203187 0.0384746 -0.41042
-1.2 3 0.0219191 0.0414285 -0.426769
-1.05 3 0.0234892 0.0443205 -0.441714
-0.9 3 0.0249909 0.0470732 -0.454961
-0.75 3 0.0263728 0.0496028 -0.466454
-0.6 3 0.027584 0.0518235 -0.467732
-0.45 3 0.0285831 0.0536528 -0.467257
-0.3 3 0.0293311 0.0550178 -0.46688
-0.15 3 0.029796 0.0558613 -0.466607
0 3 0.0299538 0.0561467 -0.466508
0.15 3 0.0297976 0.0558613 -0.46658
0.3 3 0.0293315 0.0550178 -0.466872
0.45 3 0.0285804 0.0536528 -0.467308
0.6 3 0.0275837 0.0518235 -0.467738
0.75 3 0.0263706 0.0496028 -0.466498
0.9 3 0.024989 0.0470732 -0.455002
1.05 3 0.0234871 0.0443205 -0.441757
1.2 3 0.0219165 0.0414285 -0.426825
1.35 3 0.0203165 0.0384746 -0.41047
1.5 3 0.0187245 0.0355262 -0.3929
1.65 3 0.017167 0.0326393 -0.374455
1.8 3 0.015672 0.029858 -0.35528
1.95 3 0.0142557 0.0272147 -0.335662
2.1 3 0.0129188 0.0247312 -0.316129
2.25 3 0.011916 0.0224202 -0.290092
2.4 3 0.0108362 0.0202872 -0.268926
2.55 3 0.00959586 0.0183316 -0.255688
2.7 3 0.00863997 0.0165487 -0.237683
2.85 3 0.00774035 0.0149305 -0.221473
3 3 0.00364006 0.0134673 -0.309678
